speaker,text,wordCount,wordNumber,start,end,lemmata
Οἰδίπους,τέκνον τυφλοῦ γέροντος Ἀντιγόνη τίνας χώρους ἀφίγμεθ᾽ ἢ τίνων ἀνδρῶν πόλιν τίς τὸν πλανήτην Οἰδίπουν καθ᾽ ἡμέραν τὴν νῦν σπανιστοῖς δέξεται δωρήμασιν σμικρὸν μὲν ἐξαιτοῦντα τοῦ σμικροῦ δ᾽ ἔτι μεῖον φέροντα καὶ τόδ᾽ ἐξαρκοῦν ἐμοί στέργειν γὰρ αἱ πάθαι με χὠ χρόνος ξυνὼν μακρὸς διδάσκει καὶ τὸ γενναῖον τρίτον ἀλλ᾽ ὦ τέκνον θάκησιν εἴ τινα βλέπεις ἢ πρὸς βεβήλοις ἢ πρὸς ἄλσεσιν θεῶν στῆσόν με κἀξίδρυσον ὡς πυθώμεθα ὅπου ποτ᾽ ἐσμέν μανθάνειν γὰρ ἥκομεν ξένοι πρὸς ἀστῶν ἃν δ᾽ ἀκούσωμεν τελεῖν,81,81,0,81,τέκνον τυφλόω γέρων Ἀντιγόνη τίς χῶρος ἀφίγμεθ ̓ ἤ τίς ἀνήρ πόλις τις ὁ πλανάω Οἰδίπους καθ ̓ ἡμέρα ὁ νῦν σπανιστός δέχομαι δώρημα σμικρός μέν ἐξαιτέω ὁ μικρός δ ̓ ἔτι μείων φέρω καί τόδ ̓ ἐξαρκέω ἐγώ στέργω γάρ ὁ πάθη ἐγώ ὁ χρόνος σύνειμι μακρός διδάσκω καί ὁ γενναῖος τρίτος ἀλλ ̓ ὦ τέκνον θάκησις εἰ τις βλέπω ἤ πρός βέβηλος ἤ πρός ἄλσος θεός στῆσόν ἐγώ ἐξιδρύω ὡς πυνθάνομαι ὅπου ποτ ̓ εἰμί μανθάνω γάρ ἥκω ξένος πρός ἀστός ὅς δ ̓ ἀκούω τελέω
Ἀντιγόνη,πάτερ ταλαίπωρ᾽ Οἰδίπους πύργοι μέν οἳ πόλιν στέγουσιν ὡς ἀπ᾽ ὀμμάτων πρόσω χῶρος δ᾽ ὅδ᾽ ἱερός ὡς ἀπεικάσαι βρύων δάφνης ἐλαίας ἀμπέλου πυκνόπτεροι δ᾽ εἴσω κατ᾽ αὐτὸν εὐστομοῦσ᾽ ἀηδόνες οὗ κῶλα κάμψον τοῦδ᾽ ἐπ᾽ ἀξέστου πέτρου μακρὰν γὰρ ὡς γέροντι προὐστάλης ὁδόν,42,123,81,123,πάτηρ ταλαίπωρ ̓ Οἰδίπους πύργος μέν ὁ πόλις στέγω ὡς ἀπ ̓ ὄμμα πρόσω χῶρος δ ̓ ὅδ ̓ ἱερός ὡς ἀπεικάζω βρύω δάφνη ἐλαία ἄμπελος πυκνόπτερος δ ̓ εἴσω κατ ̓ αὐτός εὐστομοῦσ ̓ ἀηδών ἵημι κῶλον κάμπτω τοῦδ ̓ ἐπ ̓ ἄξεστος πέτρος μακράν γάρ ὡς γέρων προστέλλω ὁδός
Οἰδίπους,κάθιζέ νύν με καὶ φύλασσε τὸν τυφλόν,7,130,123,130,κάθιζέ νῦν ἐγώ καί φυλάσσω ὁ τυφλός
Ἀντιγόνη,χρόνου μὲν οὕνεκ᾽ οὐ μαθεῖν με δεῖ τόδε,8,138,130,138,χρόνος μέν οὕνεκ ̓ οὐ μανθάνω ἐγώ δεῖ ὅδε
Οἰδίπους,ἔχεις διδάξαι δή μ᾽ ὅποι καθέσταμεν,6,144,138,144,ἔχω διδάσκω δή μ ̓ ὅποι καθίστημι
Ἀντιγόνη,τὰς γοῦν Ἀθήνας οἶδα τὸν δὲ χῶρον οὔ,8,152,144,152,ὁ γοῦν Ἀθῆναι οἶδα ὁ δέ χῶρος οὐ
Οἰδίπους,πᾶς γάρ τις ηὔδα τοῦτό γ᾽ ἡμὶν ἐμπόρων,8,160,152,160,πᾶς γάρ τις αὐδάω οὗτος γ ̓ ἐγώ ἔμπορος
Ἀντιγόνη,ἀλλ᾽ ὅστις ὁ τόπος ἦ μάθω μολοῦσά ποι,8,168,160,168,ἀλλ ̓ ὅστις ὁ τόπος εἰμί μανθάνω μολοῦσά ποι
Οἰδίπους,ναί τέκνον εἴπερ ἐστί γ᾽ ἐξοικήσιμος,6,174,168,174,ναί τέκνον εἴπερ εἰμί γ ̓ ἐξοικήσιμος
Ἀντιγόνη,ἀλλ᾽ ἐστὶ μὴν οἰκητός οἴομαι δὲ δεῖν οὐδέν πέλας γὰρ ἄνδρα τόνδε νῷν ὁρῶ,14,188,174,188,ἀλλ ̓ εἰμί μήν οἰκητός οἴομαι δέ δεῖ οὐδείς πέλας γάρ ἀνήρ ὅδε ἐγώ ὁράω
Οἰδίπους,ἦ δεῦρο προσστείχοντα κἀξορμώμενον,4,192,188,192,εἰμί δεῦρο προσστείχω ἐξορμάω
Ἀντιγόνη,καὶ δὴ μὲν οὖν παρόντα χὤ τί σοι λέγειν εὔκαιρόν ἐστιν ἔννεφ᾽ ὡς ἀνὴρ ὅδε,15,207,192,207,καί δή μέν οὖν πάρειμι ὅς τίς σύ λέγω εὔκαιρόν εἰμί ἔννεφ ̓ ὡς ἀνήρ ὅδε
Οἰδίπους,ὦ ξεῖν᾽ ἀκούων τῆσδε τῆς ὑπέρ τ᾽ ἐμοῦ αὑτῆς θ᾽ ὁρώσης οὕνεχ᾽ ἡμὶν αἴσιος σκοπὸς προσήκεις ὧν ἀδηλοῦμεν φράσαι,19,226,207,226,ὦ ξεῖν ̓ ἀκούω ὅδε ὁ ὑπέρ τ ̓ ἐγώ ἑαυτοῦ θ ̓ ὁράω οὕνεχ ̓ ἐγώ αἴσιος σκοπός προσήκω ὅς ἀδηλόω φράζω
Ξένος,πρὶν νῦν τὰ πλείον᾽ ἱστορεῖν ἐκ τῆσδ᾽ ἕδρας ἔξελθ᾽ ἔχεις γὰρ χῶρον οὐχ ἁγνὸν πατεῖν,15,241,226,241,πρίν νῦν ὁ πλείον ̓ ἱστορέω ἐκ τῆσδ ̓ ἕδρα ἔξελθ ̓ ἔχω γάρ χῶρος οὐ ἁγνός πατέω
Οἰδίπους,τίς δ᾽ ἔσθ᾽ ὁ χῶρος τοῦ θεῶν νομίζεται,8,249,241,249,τις δ ̓ ἔσθ ̓ ὁ χῶρος ὁ θεός νομίζω
Ξένος,ἄθικτος οὐδ᾽ οἰκητός αἱ γὰρ ἔμφοβοι θεαί σφ᾽ ἔχουσι Γῆς τε καὶ Σκότου κόραι,14,263,249,263,ἄθικτος οὐδ ̓ οἰκητός ὁ γάρ ἔμφοβος θεά σφ ̓ ἔχω Γαῖα τε καί Σκότου κόρη
Οἰδίπους,τίνων τὸ σεμνὸν ὄνομ᾽ ἂν εὐξαίμην κλύων,7,270,263,270,τίς ὁ σεμνός ὄνομ ̓ ἄν εὔχομαι κλύω
Ξένος,τὰς πάνθ᾽ ὁρώσας Εὐμενίδας ὅ γ᾽ ἐνθάδ᾽ ἂν εἴποι λεώς νιν ἄλλα δ᾽ ἀλλαχοῦ καλά,15,285,270,285,ὁ πάνθ ̓ ὁράω Εὐμενίδας ὁ γ ̓ ἐνθάδ ̓ ἄν εἶπον λαός νιν ἄλλος δ ̓ ἀλλαχοῦ καλός
Οἰδίπους,ἀλλ᾽ ἵλεῳ μὲν τὸν ἱκέτην δεξαίατο ὡς οὐχ ἕδρας γῆς τῆσδ᾽ ἂν ἐξέλθοιμ᾽ ἔτι,14,299,285,299,ἀλλ ̓ ἴλαος μέν ὁ ἱκέτης δέχομαι ὡς οὐ ἕδρα γῆ τῆσδ ̓ ἄν ἐξέλθοιμ ̓ ἔτι
Ξένος,τί δ᾽ ἐστὶ τοῦτο,4,303,299,303,τίς δ ̓ εἰμί οὗτος
Οἰδίπους,ξυμφορᾶς ξύνθημ᾽ ἐμῆς,3,306,303,306,συμφορά ξύνθημ ̓ ἐμός
Ξένος,ἀλλ᾽ οὐδ᾽ ἐμοί τοι τοὐξανιστάναι πόλεως δίχ᾽ ἐστὶ θάρσος πρίν γ᾽ ἂν ἐνδείξω τί δρῶ,15,321,306,321,ἀλλ ̓ οὐδ ̓ ἐγώ σύ ἐξανίστημι πόλις δίχ ̓ εἰμί θάρσος πρίν γ ̓ ἄν ἐνδείκνυμι τίς δράω
Οἰδίπους,πρός νυν θεῶν ὦ ξεῖνε μή μ᾽ ἀτιμάσῃς τοιόνδ᾽ ἀλήτην ὧν σε προστρέπω φράσαι,14,335,321,335,πρός νῦν θεός ὦ ξένος μή μ ̓ ἀτιμάω τοιόνδ ̓ ἀλήτης ὅς σύ προστρέπω φράζω
Ξένος,σήμαινε κοὐκ᾽ ἄτιμος ἔκ γ᾽ ἐμοῦ φανεῖ,7,342,335,342,σημαίνω κοὐκ ̓ ἄτιμος ἐκ γ ̓ ἐγώ φαίνω
Οἰδίπους,τίς ἔσθ᾽ ὁ χῶρος δῆτ᾽ ἐν ᾧ βεβήκαμεν,8,350,342,350,τις ἔσθ ̓ ὁ χῶρος δῆτ ̓ ἐν ὅς βαίνω
Ξένος,ὅσ᾽ οἶδα κἀγὼ πάντ᾽ ἐπιστήσει κλύων χῶρος μὲν ἱερὸς πᾶς ὅδ᾽ ἔστ᾽ ἔχει δέ νιν σεμνὸς Ποσειδῶν ἐν δ᾽ ὁ πυρφόρος θεὸς Τιτὰν Προμηθεύς ὃν δ᾽ ἐπιστείβεις τόπον χθονὸς καλεῖται τῆσδε χαλκόπους ὀδός ἔρεισμ᾽ Ἀθηνῶν οἱ δὲ πλησίοι γύαι τόνδ᾽ ἱππότην Κολωνὸν εὔχονται σφίσιν ἀρχηγὸν εἶναι καὶ φέρουσι τοὔνομα τὸ τοῦδε κοινὸν πάντες ὠνομασμένοι τοιαῦτά σοι ταῦτ᾽ ἐστίν ὦ ξέν᾽ οὐ λόγοις τιμώμεν᾽ ἀλλὰ τῇ ξυνουσίᾳ πλέον,67,417,350,417,ὅσ ̓ οἶδα ἐγώ πάντ ̓ ἐφίστημι κλύω χῶρος μέν ἱερός πᾶς ὅδ ̓ ἔστ ̓ ἔχω δέ νιν σεμνός Ποσειδῶν ἐν δ ̓ ὁ πυρφόρος θεός Τιτὰν Προμηθεύς ὅς δ ̓ ἐπιστείβω τόπος χθών καλέω ὅδε χαλκόπους οὐδός ἔρεισμ ̓ Ἀθῆναι ὁ δέ πλησίος γύης τόνδ ̓ ἱππότης Κολωνὸν εὔχομαι σφεῖς ἀρχηγός εἰμί καί φέρω ὄνομα ὁ ὅδε κοινός πᾶς ὀνομάζω τοιοῦτος σύ ταῦτ ̓ εἰμί ὦ ξέν ̓ οὐ λόγος τιμώμεν ̓ ἀλλά ὁ συνουσία πλείων
Οἰδίπους,ἦ γάρ τινες ναίουσι τούσδε τοὺς τόπους,7,424,417,424,εἰμί γάρ τις ναίω ὅδε ὁ τόπος
Ξένος,καὶ κάρτα τοῦδε τοῦ θεοῦ γ᾽ ἐπώνυμοι,7,431,424,431,καί κάρτα ὅδε ὁ θεός γ ̓ ἐπώνυμος
Οἰδίπους,ἄρχει τις αὐτῶν ἢ πὶ τῷ πλήθει λόγος,8,439,431,439,ἄρχω τις αὐτός ἤ ἐπί ὁ πλῆθος λόγος
Ξένος,ἐκ τοῦ κατ᾽ ἄστυ βασιλέως τάδ᾽ ἄρχεται,7,446,439,446,ἐκ ὁ κατ ̓ ἄστυ βασιλεύς τάδ ̓ ἄρχω
Οἰδίπους,οὗτος δὲ τίς λόγῳ τε καὶ σθένει κρατεῖ,8,454,446,454,οὗτος δέ τις λόγος τε καί σθένος κρατέω
Ξένος,Θησεὺς καλεῖται τοῦ πρὶν Αἰγέως τόκος,6,460,454,460,Θησεύς καλέω ὁ πρίν Αἰγέως τόκος
Οἰδίπους,ἆρ᾽ ἄν τις αὐτῷ πομπὸς ἐξ ὑμῶν μόλοι,8,468,460,468,ἆρ ̓ ἀνά τις αὐτός πομπός ἐκ σύ βλώσκω
Ξένος,ὡς πρὸς τί λέξων ἢ καταρτύσων μολεῖν,7,475,468,475,ὡς πρός τίς λέγω1 ἤ καταρτύω βλώσκω
Οἰδίπους,ὡς ἂν προσαρκῶν σμικρὰ κερδάνῃ μέγα,6,481,475,481,ὡς ἄν προσαρκέω σμικρός κερδαίνω μέγας
Ξένος,καὶ τίς πρὸς ἀνδρὸς μὴ βλέποντος ἄρκεσις,7,488,481,488,καί τις πρός ἀνήρ μή βλέπω ἄρκεσις
Οἰδίπους,ὅσ᾽ ἂν λέγωμεν πάνθ᾽ ὁρῶντα λέξομεν,6,494,488,494,ὅσ ̓ ἄν λέγω πάνθ ̓ ὁράω λέγω
Ξένος,οἶσθ᾽ ὦ ξέν᾽ ὡς νῦν μὴ σφαλῇς ἐπείπερ εἰ γενναῖος ὡς ἰδόντι πλὴν τοῦ δαίμονος αὐτοῦ μέν᾽ οὗπερ κἀφάνης ἕως ἐγὼ τοῖς ἐνθάδ᾽ αὐτοῦ μὴ κατ᾽ ἄστυ δημόταις λέξω τάδ᾽ ἐλθών οἵδε γὰρ κρινοῦσί σοι εἰ χρή σε μίμνειν ἢ πορεύεσθαι πάλιν,42,536,494,536,οἶσθ ̓ ὦ ξέν ̓ ὡς νῦν μή σφάλλω ἐπεί εἰ γενναῖος ὡς εἶδον πλήν ὁ δαίμων αὐτός μέν ̓ οὗπερ φαίνω ἕως ἐγώ ὁ ἐνθάδ ̓ αὐτός μή κατ ̓ ἄστυ δημότης λέγω τάδ ̓ ἔρχομαι ὅδε γάρ κρινοῦσί σύ εἰ χρή σύ μίμνω ἤ πορεύω πάλιν
Οἰδίπους,ὦ τέκνον ἦ βέβηκεν ἡμὶν ὁ ξένος,7,543,536,543,ὦ τέκνον εἰμί βαίνω ἐγώ ὁ ξένος
Ἀντιγόνη,βέβηκεν ὥστε πᾶν ἐν ἡσύχῳ πάτερ ἔξεστι φωνεῖν ὡς ἐμοῦ μόνης πέλας,12,555,543,555,βαίνω ὥστε πᾶς ἐν ἥσυχος πάτηρ ἔξεστι φωνέω ὡς ἐγώ μόνος πέλας
Οἰδίπους,ὦ πότνιαι δεινῶπες εὖτε νῦν ἕδρας πρώτων ἐφ᾽ ὑμῶν τῆσδε γῆς ἔκαμψ᾽ ἐγώ Φοίβῳ τε κἀμοὶ μὴ γένησθ᾽ ἀγνώμονες ὅς μοι τὰ πόλλ᾽ ἐκεῖν᾽ ὅτ᾽ ἐξέχρη κακά ταύτην ἔλεξε παῦλαν ἐν χρόνῳ μακρῷ ἐλθόντι χώραν τερμίαν ὅπου θεῶν σεμνῶν ἕδραν λάβοιμι καὶ ξενόστασιν ἐνταῦθα κάμψειν τὸν ταλαίπωρον βίον κέρδη μὲν οἰκήσαντα τοῖς δεδεγμένοις ἄτην δὲ τοῖς πέμψασιν οἵ μ᾽ ἀπήλασαν σημεῖα δ᾽ ἥξειν τῶνδέ μοι παρηγγύα ἢ σεισμὸν ἢ βροντήν τιν᾽ ἢ Διὸς σέλας ἔγνωκα μέν νυν ὥς με τήνδε τὴν ὁδὸν οὐκ ἔσθ᾽ ὅπως οὐ πιστὸν ἐξ ὑμῶν πτερὸν ἐξήγαγ᾽ εἰς τόδ᾽ ἄλσος οὐ γὰρ ἄν ποτε πρώταισιν ὑμῖν ἀντέκυρσ᾽ ὁδοιπορῶν νήφων ἀοίνοις κἀπὶ σεμνὸν ἑζόμην βάθρον τόδ᾽ ἀσκέπαρνον ἀλλά μοι θεαί βίου κατ᾽ ὀμφὰς τὰς Ἀπόλλωνος δότε πέρασιν ἤδη καὶ καταστροφήν τινα εἰ μὴ δοκῶ τι μειόνως ἔχειν ἀεὶ μόχθοις λατρεύων τοῖς ὑπερτάτοις βροτῶν ἴτ᾽ ὦ γλυκεῖαι παῖδες ἀρχαίου Σκότου ἴτ᾽ ὦ μεγίστης Παλλάδος καλούμεναι πασῶν Ἀθῆναι τιμιωτάτη πόλις οἰκτίρατ᾽ ἀνδρὸς Οἰδίπου τόδ᾽ ἄθλιον εἴδωλον οὐ γὰρ δὴ τόδ᾽ ἀρχαῖον δέμας,163,718,555,718,ὦ πότνια δεινώψ εὖτε νῦν ἕδρα πρῶτος ἐφ ̓ σύ ὅδε γῆ ἔκαμψ ̓ ἐγώ Φοῖβος τε ἐγώ μή γένησθ ̓ ἀγνώμων ὅς ἐγώ ὁ πόλλ ̓ ἐκεῖν ̓ ὅτ ̓ ἐκχράω2 κακός οὗτος λέγω παῦλα ἐν χρόνος μακρός ἔρχομαι χώρα τέρμιος ὅπου θεός σεμνός ἕδρα λαμβάνω καί ξενόστασις ἐνταῦθα κάμπτω ὁ ταλαίπωρος βίος κέρδος μέν οἰκέω ὁ δέχομαι ἄτη δέ ὁ πέμπω ὅς μ ̓ ἀπελαύνω σημεῖον δ ̓ ἥκω ὅδε ἐγώ παρεγγυάω ἤ σεισμός ἤ βροντή τιν ̓ ἤ Ζεύς σέλας γιγνώσκω μέν νῦν ὡς ἐγώ ὅδε ὁ ὁδός οὐ ἔσθ ̓ ὅπως οὐ πιστός ἐκ σύ πτερόν ἐξήγαγ ̓ εἰς τόδ ̓ ἄλσος οὐ γάρ ἀνά ποτέ πρότερος σύ ἀντέκυρσ ̓ ὁδοιπορέω νήφω ἄοινος ἐπί σεμνός ἕζομαι βάθρον τόδ ̓ ἀσκέπαρνος ἀλλά ἐγώ θεά βίος κατ ̓ ὀμφὰς ὁ Ἀπόλλων δίδωμι περάω1 ἤδη καί καταστροφή τις εἰ μή δοκέω τις μείων ἔχω ἀεί μόχθος λατρεύω ὁ ὑπέρ βροτός ἴτ ̓ ὦ γλυκύς παῖς ἀρχαῖος Σκότου ἴτ ̓ ὦ μέγας Παλλάς καλέω πᾶς Ἀθῆναι τίμιος πόλις οἰκτίρατ ̓ ἀνήρ Οἰδίπους τόδ ̓ ἄθλιος εἴδωλον οὐ γάρ δή τόδ ̓ ἀρχαῖος δέμας
Ἀντιγόνη,σίγα πορεύονται γὰρ οἵδε δή τινες χρόνῳ παλαιοί σῆς ἕδρας ἐπίσκοποι,11,729,718,729,σιγάω πορεύω γάρ ὅδε δή τις χρόνος παλαιός σός ἕδρα ἐπίσκοπος
Οἰδίπους,σιγήσομαί τε καὶ σύ μ᾽ ἐξ ὁδοῦ πόδα κρύψον κατ᾽ ἄλσος τῶνδ᾽ ἕως ἂν ἐκμάθω τίνας λόγους ἐροῦσιν ἐν γὰρ τῷ μαθεῖν ἔνεστιν ηὑλάβεια τῶν ποιουμένων,26,755,729,755,σιγήσομαί τε καί σύ μ ̓ ἐκ ὁδός πούς κρύπτω κατ ̓ ἄλσος τῶνδ ̓ ἕως ἄν ἐκμανθάνω τίς λόγος ἐρῶ ἐν γάρ ὁ μανθάνω ἔνειμι εὐλάβεια ὁ ποιέω
Χορός,ὅρα τίς ἄρ᾽ ἦν ποῦ ναίει ποῦ κυρεῖ ἐκτόπιος συθεὶς ὁ πάντων ὁ πάντων ἀκορέστατος προσδέρκου λεῦσσέ νιν προσπεύθου πανταχῇ πλανάτας πλανάτας τις ὁ πρέσβυς οὐδ᾽ ἔγχωρος προσέβα γὰρ οὐκ ἄν ποτ᾽ ἀστιβὲς ἄλσος ἐς τᾶνδ᾽ ἀμαιμακετᾶν κορᾶν ἃς τρέμομεν λέγειν καὶ παραμειβόμεσθ᾽ ἀδέρκτως ἀφώνως ἀλόγως τὸ τᾶς εὐφάμου στόμα φροντίδος ἱέντες τὰ δὲ νῦν τιν᾽ ἥκειν λόγος οὐδὲν ἅζονθ᾽ ὃν ἐγὼ λεύσσων περὶ πᾶν οὔπω δύναμαι τέμενος γνῶναι ποῦ μοί ποτε ναίει,73,828,755,828,ὁράω τις ἄρ ̓ εἰμί ποῦ ναίω ποῦ κυρέω ἐκτόπιος σεύω ὁ πᾶς ὁ πᾶς ἀκόρεστος προσδέρκομαι λεῦσσέ νιν προσπεύθομαι πανταχῆ πλανήτης πλανήτης τις ὁ πρέσβυς οὐδ ̓ ἔγχωρος προσβαίνω γάρ οὐ ἀνά ποτ ̓ ἀστιβὲς ἄλσος εἰς τᾶνδ ̓ ἀμαιμάκετος κόρη ὅς τρέμω λέγω καί παραμειβόμεσθ ̓ ἄδερκτος ἄφωνος ἄλογος ὁ ὁ εὔφημος στόμα φροντίς ἵημι ὁ δέ νῦν τιν ̓ ἥκω λόγος οὐδείς ἅζονθ ̓ ὅς ἐγώ λεύσσω περί πᾶς οὔπω δύναμαι τέμενος γιγνώσκω ποῦ ἐγώ ποτέ ναίω
Οἰδίπους,ὅδ᾽ ἐκεῖνος ἐγώ φωνῇ γὰρ ὁρῶ τὸ φατιζόμενον,8,836,828,836,ὅδ ̓ ἐκεῖνος ἐγώ φωνή γάρ ὁράω ὁ φατίζω
Χορός,ἰὼ ἰώ δεινὸς μὲν ὁρᾶν δεινὸς δὲ κλύειν,8,844,836,844,ἰώ ἰώ δεινός μέν ὁράω δεινός δέ κλύω
Οἰδίπους,μή μ᾽ ἱκετεύω προσίδητ᾽ ἄνομον,5,849,844,849,μή μ ̓ ἱκετεύω προσίδητ ̓ ἄνομος
Χορός,Ζεῦ ἀλεξῆτορ τίς ποθ᾽ ὁ πρέσβυς,6,855,849,855,Ζεύς ἀλεξήτωρ τις ποθ ̓ ὁ πρέσβυς
Οἰδίπους,οὐ πάνυ μοίρας εὐδαιμονίσαι πρώτης ὦ τῆσδ᾽ ἔφοροι χώρας δηλῶ δ᾽ οὐ γὰρ ἂν ὧδ᾽ ἀλλοτρίοις ὄμμασιν εἷρπον κἀπὶ σμικροῖς μέγας ὥρμουν,22,877,855,877,οὐ πάνυ μοῖρα εὐδαιμονίζω πρῶτος ὦ τῆσδ ̓ ἔφορος χώρα δηλόω δ ̓ οὐ γάρ ἄν ὧδ ̓ ἀλλότριος ὄμμα ἕρπω ἐπί μικρός μέγας ὁρμάω
Χορός,ἐή ἀλαῶν ὀμμάτων ἆρα καὶ ἦσθα φυτάλμιος δυσαίων μακραίων γ᾽ ὅσ᾽ ἐπεικάσαι ἀλλ᾽ οὐ μὰν ἔν γ᾽ ἐμοὶ προσθήσει τάσδ᾽ ἀράς περᾷς γάρ περᾷς ἀλλ᾽ ἵνα τῷδ᾽ ἐν ἀ- φθέγκτῳ μὴ προπέσῃς νάπει ποιάεντι κάθυδρος οὗ κρατὴρ μειλιχίων ποτῶν ῥεύματι συντρέχει τόν ξένε πάμμορ᾽ εὖ φύλαξαι μετάσταθ᾽ ἀπόβαθι πολ- λὰ κέλευθος ἐρατύει κλύεις ὦ πολύμοχθ᾽ ἀλᾶτα λόγον εἴ τιν᾽ οἴσεις πρὸς ἐμὰν λέσχαν ἀβάτων ἀποβάς ἵνα πᾶσι νόμος φώνει πρόσθεν δ᾽ ἀπερύκου,72,949,877,949,ἐή ἀλαόω ὄμμα ἆρα καί εἰμί φυτάλμιος δυσαής μακραίων γ ̓ ὅσ ̓ ἐπεικάζω ἀλλ ̓ οὐ μήν ἐν γ ̓ ἐγώ προσθέω τάσδ ̓ ἀρά περάω1 γάρ περάω1 ἀλλ ̓ ἵνα τῷδ ̓ ἐν ἀ- φθέγκτῳ μή προπίτνω νάπος ποιήεις κάθυδρος ἵημι κρατὴρ μειλίχιος πότης ῥεῦμα συντρέχω ὁ ξένος πάμμορ ̓ εὖ φυλάσσω μετάσταθ ̓ ἀποβαίνω πολ- λὰ κέλευθος ἐρητύω κλύω ὦ πολύμοχθ ̓ ἀλήτης λόγος εἰ τιν ̓ φέρω πρός ἐμός λέσχη ἀβάω ἀποβαίνω ἵνα πᾶς νόμος φωνέω πρόσθεν δ ̓ ἀπερύκω
Οἰδίπους,θύγατερ ποῖ τις φροντίδος ἔλθῃ,5,954,949,954,θυγάτηρ ποῖ τις φροντίς ἔρχομαι
Ἀντιγόνη,ὦ πάτερ ἀστοῖς ἴσα χρὴ μελετᾶν εἴκοντας ἃ δεῖ κἀκούοντας,10,964,954,964,ὦ πάτηρ ἀστός ἴσος χρή μελετάω εἴκω ὅς δεῖ ἀκούω
Οἰδίπους,πρόσθιγέ νύν μου,3,967,964,967,πρόσθιγέ νῦν ἐγώ
Ἀντιγόνη,ψαύω καὶ δή,3,970,967,970,ψαύω καί δή
Οἰδίπους,ὦ ξένε μὴ δῆτ᾽ ἀδικηθῶ σοὶ πιστεύσας καὶ μεταναστάς,9,979,970,979,ὦ ξένος μή δῆτ ̓ ἀδικέω σύ πιστεύω καί μετανίστημι
Χορός,οὔ τοι μήποτέ σ᾽ ἐκ τῶνδ᾽ ἑδράνων ὦ γέρον ἄκοντά τις ἄξει,12,991,979,991,οὐ σύ μήποτε σ ̓ ἐκ τῶνδ ̓ ἕδρανον ὦ γέρων ἄκοντά τις ἄγω
Οἰδίπους,ἔτ᾽ οὖν,2,993,991,993,ἔτ ̓ οὖν
Χορός,ἔτι βαῖνε πόρσω,3,996,993,996,ἔτι βαίνω πρόσω
Χορός,προβίβαζε κούρα πόρσω σὺ γὰρ ἀΐεις,6,1002,996,1002,προβιβάζω κόρη πρόσω σύ γάρ ἀίω
Ἀντιγόνη,* ἕπεο μάν ἕπε᾽ ὧδ᾽ ἀμαυρῷ κώλῳ πάτερ ᾇ σ᾽ ἄγω,11,1013,1002,1013,punc ἕπομαι μήν ἕπε ̓ ὧδ ̓ ἀμαυρός κῶλον πάτηρ ὅς σ ̓ ἄγω
Χορός,τόλμα ξεῖνος ἐπὶ ξένης ὦ τλάμων ὅ τι καὶ πόλις τέτροφεν ἄφιλον ἀποστυγεῖν καὶ τὸ φίλον σέβεσθαι,17,1030,1013,1030,τόλμα ξένος ἐπί ξένος ὦ τλήμων ὁ τις καί πόλις τρέφω ἄφιλος ἀποστυγέω καί ὁ φίλος σέβομαι
Οἰδίπους,ἄγε νυν σύ με παῖ ἵν᾽ ἂν εὐσεβίας ἐπιβαίνοντες τὸ μὲν εἴποιμεν τὸ δ᾽ ἀκούσαιμεν καὶ μὴ χρείᾳ πολεμῶμεν,19,1049,1030,1049,ἄγε νῦν σύ ἐγώ παῖς ἵν ̓ ἄν εὐσέβεια ἐπιβαίνω ὁ μέν εἶπον ὁ δ ̓ ἀκούω καί μή χρεία πολεμέω
Χορός,αὐτοῦ μηκέτι τοῦδ᾽ αὐτοπέτρου βήματος ἔξω πόδα κλίνῃς,8,1057,1049,1057,αὐτός μηκέτι τοῦδ ̓ αὐτοπέτρου βῆμα ἔξω πούς κλίνω
Χορός,ἅλις ὡς ἀκούεις,3,1060,1057,1060,ἅλις ὡς ἀκούω
Οἰδίπους,ἦ ἑσθῶ,2,1062,1060,1062,εἰμί ἕζομαι
Χορός,λέχριός γ᾽ ἐπ᾽ ἄκρου λᾶος βραχὺς ὀκλάσας,7,1069,1062,1069,λέχριός γ ̓ ἐπ ̓ ἄκρος λᾶας βραχύς ὀκλάζω
Ἀντιγόνη,πάτερ ἐμὸν τόδ᾽ ἐν ἁσυχαίᾳ,5,1074,1069,1074,πάτηρ ἐμός τόδ ̓ ἐν ἡσυχαῖος
Οἰδίπους,ἰώ μοί μοι,3,1077,1074,1077,ἰώ ἐγώ ἐγώ
Ἀντιγόνη,βάσει βάσιν ἅρμοσαι γεραὸν ἐς χέρα σῶμα σὸν προκλίνας φιλίαν ἐμάν,11,1088,1077,1088,βάσις βάσις ἁρμόζω γεραὸν εἰς χείρ σῶμα σός προκλίνω φιλία ἐμός
Οἰδίπους,ὤμοι δύσφρονος ἄτας,3,1091,1088,1091,ὤμοι δύσφρων ἄτη
Χορός,ὦ τλάμων ὅτε νῦν χαλᾷς αὔδασον τίς ἔφυς βροτῶν τίς ὁ πολύπονος ἄγει τίν᾽ ἂν σοῦ πατρίδ᾽ ἐκπυθοίμαν,18,1109,1091,1109,ὦ τλήμων ὅτε νῦν χαλάω αὐδάω τις φύω βροτός τις ὁ πολύπονος ἄγω τίν ̓ ἄν σύ πατρίδ ̓ ἐκπυνθάνομαι
Οἰδίπους,ὦ ξένοι ἀπόπτολις ἀλλὰ μὴ,5,1114,1109,1114,ὦ ξένος ἀπόπολις ἀλλά μή
Χορός,τί τόδ᾽ ἀπεννέπεις γέρον,4,1118,1114,1118,τίς τόδ ̓ ἀπενέπω γέρων
Οἰδίπους,μὴ μὴ μή μ᾽ ἀνέρῃ τίς εἰμι μηδ᾽ ἐξετάσῃς πέρα ματεύων,11,1129,1118,1129,μή μή μή μ ̓ ἀνέρομαι τις εἰμί μηδ ̓ ἐξετάζω πέρα ματεύω
Χορός,τί τόδ᾽,2,1131,1129,1131,τίς τόδ ̓
Οἰδίπους,αἰνὰ φύσις,2,1133,1131,1133,αἰνός φύσις
Οἰδίπους,τέκνον ὤμοι τί γεγώνω,4,1137,1133,1137,τέκνον ὤμοι τίς γέγωνα
Χορός,τίνος εἶ σπέρματος ὦ ξένε φώνει πατρόθεν,7,1144,1137,1144,τίς εἶμι σπέρμα ὦ ξένος φωνέω πατρόθεν
Οἰδίπους,ὤμοι ἐγώ τί πάθω τέκνον ἐμόν,6,1150,1144,1150,ὤμοι ἐγώ τίς πάσχω τέκνον ἐμός
Ἀντιγόνη,λέγ᾽ ἐπείπερ ἐπ᾽ ἔσχατα βαίνεις,5,1155,1150,1155,λέγ ̓ ἐπεί ἐπ ̓ ἔσχατος βαίνω
Οἰδίπους,ἀλλ᾽ ἐρῶ οὐ γὰρ ἔχω κατακρυφάν,6,1161,1155,1161,ἀλλ ̓ ἐρῶ οὐ γάρ ἔχω κατακρυφή
Χορός,μακρὰ μέλλετον ἀλλὰ τάχυνε,4,1165,1161,1165,μακρός μέλλω ἀλλά ταχύνω
Οἰδίπους,Λαΐου ἴστε τιν᾽,3,1168,1165,1168,Λάιος οἶδα τιν ̓
Χορός,ὢ ἰοὺ ἰού,3,1171,1168,1171,ὦ ἰού ἰού
Οἰδίπους,τό τε Λαβδακιδᾶν γένος,4,1175,1171,1175,ὁ τε Λαδβακίδης γένος
Χορός,ὦ Ζεῦ,2,1177,1175,1177,ὦ Ζεύς
Οἰδίπους,ἄθλιον Οἰδιπόδαν,2,1179,1177,1179,ἄθλιος Οἰδίπους
Χορός,σὺ γὰρ ὅδ᾽ εἶ,4,1183,1179,1183,σύ γάρ ὅδ ̓ εἶμι
Οἰδίπους,δέος ἴσχετε μηδὲν ὅσ᾽ αὐδῶ,5,1188,1183,1188,δέος ἴσχω μηδείς ὅσ ̓ αὐδάω
Χορός,ἰὼ ὢ ὤ,3,1191,1188,1191,ἰώ ὦ ὦ
Χορός,ὢ ὤ,2,1193,1191,1193,ὦ ὦ
Οἰδίπους,θύγατερ τί ποτ᾽ αὐτίκα κύρσει,5,1198,1193,1198,θυγάτηρ τίς ποτ ̓ αὐτίκα κυρέω
Χορός,ἔξω πόρσω βαίνετε χώρας,4,1202,1198,1202,ἔξω πρόσω βαίνω χώρα
Οἰδίπους,ἃ δ᾽ ὑπέσχεο ποῖ καταθήσεις,5,1207,1202,1207,ὅς δ ̓ ὑπισχνέομαι ποῖ καταθέω
Χορός,οὐδενὶ μοιριδία τίσις ἔρχεται ἃν προπάθῃ τὸ τίνειν ἀπάτα δ᾽ ἀπά- ταις ἑτέραις ἑτέρα παραβαλλομέ- να πόνον οὐ χάριν ἀντιδίδωσιν ἔ- χειν σὺ δὲ τῶνδ᾽ ἑδράνων πάλιν ἔκτοπος αὖθις ἄφορμος ἐμᾶς χθονὸς ἔκθορε μή τι πέρα χρέος ἐμᾷ πόλει προσάψῃς,40,1247,1207,1247,οὐδείς μοιρίδιος τίσις ἔρχομαι ὅς προπάσχω ὁ τίνω ἀπάτη δ ̓ ἀπά- ταις ἕτερος ἕτερος παραβαλλομέ- να πόνος οὐ χάρις ἀντιδίδωμι ἔ- χειν σύ δέ τῶνδ ̓ ἕδρανον πάλιν ἔκτοπος αὖθις ἄφορμος ἐμός χθών ἐκθρώισκω μή τις πέρα χρέος ἐμός πόλις προσάπτω
Ἀντιγόνη,ὦ ξένοι αἰδόφρονες ἀλλ᾽ ἐπεὶ γεραὸν πατέρα τόνδ᾽ ἐμὸν οὐκ ἀνέτλατ᾽ ἔργων ἀκόντων ἀΐοντες αὐδάν ἀλλ᾽ ἐμὲ τὰν μελέαν ἱκετεύομεν ὦ ξένοι οἰκτίραθ᾽ ἃ πατρὸς ὑπὲρ τοὐμοῦ μόνου ἄντομαι οὐκ ἀλαοῖς προσορωμένα ὄμμα σὸν ὄμμασιν ὥς τις ἀφ᾽ αἵματος ὑμετέρου προφανεῖσα τὸν ἄθλιον αἰδοῦς κῦρσαι ἐν ὔμμι γὰρ ὡς θεῷ κείμεθα τλάμονες ἀλλ᾽ ἴτε νεύσατε τὰν ἀδόκητον χάριν πρός σ᾽ ὅ τι σοι φίλον ἐκ σέθεν ἄντομαι ἢ τέκνον ἢ λέχος ἢ χρέος ἢ θεός οὐ γὰρ ἴδοις ἂν ἀθρῶν βροτὸν ὅστις ἄν εἰ θεὸς ἄγοι ἐκφυγεῖν δύναιτο,88,1335,1247,1335,ὦ ξένος αἰδόφρων ἀλλ ̓ ἐπεί γεραὸν πατήρ τόνδ ̓ ἐμός οὐ ἀνέτλατ ̓ ἔργον ἄκων ἀίω αὐδή ἀλλ ̓ ἐγώ ὁ μέλεος ἱκετεύω ὦ ξένος οἰκτίραθ ̓ ὅς πατήρ ὑπέρ ἐγώ μόνος ἄντομαι οὐ ἀλαόω προσοράω ὄμμα σός ὄμμα ὡς τις ἀφ ̓ αἷμα ὑμέτερος προφαίνω ὁ ἄθλιος αἰδώς κυρέω ἐν σύ γάρ ὡς θεός κεῖμαι τλήμων ἀλλ ̓ εἶμι νέω1 ὁ ἀδόκητος χάρις πρός σ ̓ ὁ τις σύ φίλος ἐκ σύ ἄντομαι ἤ τέκνον ἤ λέχος ἤ χρέος ἤ θεός οὐ γάρ εἶδον ἄν ἀθρέω βροτός ὅστις ἀνά εἰ θεός ἄγω ἐκφεύγω δύναμαι
Χορός,ἀλλ᾽ ἴσθι τέκνον Οἰδίπου σέ τ᾽ ἐξ ἴσου οἰκτίρομεν καὶ τόνδε συμφορᾶς χάριν τὰ δ᾽ ἐκ θεῶν τρέμοντες οὐ σθένοιμεν ἂν φωνεῖν πέρα τῶν πρὸς σὲ νῦν εἰρημένων,28,1363,1335,1363,ἀλλ ̓ εἰμί τέκνον Οἰδίπους σύ τ ̓ ἐκ ἴσος οἰκτείρω καί ὅδε συμφορά χάρις ὁ δ ̓ ἐκ θεός τρέμω οὐ σθένω ἄν φωνέω πέρα ὁ πρός σύ νῦν ἐρῶ
Οἰδίπους,τί δῆτα δόξης ἢ τί κληδόνος καλῆς μάτην ῥεούσης ὠφέλημα γίγνεται εἰ τάς γ᾽ Ἀθήνας φασὶ θεοσεβεστάτας εἶναι μόνας δὲ τὸν κακούμενον ξένον σῴζειν οἵας τε καὶ μόνας ἀρκεῖν ἔχειν κἄμοιγε ποῦ τοῦτ᾽ ἐστίν οἵτινες βάθρων ἐκ τῶνδέ μ᾽ ἐξάραντες εἶτ᾽ ἐλαύνετε ὄνομα μόνον δείσαντες οὐ γὰρ δὴ τό γε σῶμ᾽ οὐδὲ τἄργα τἄμ᾽ ἐπεὶ τά γ᾽ ἔργα μου πεπονθότ᾽ ἐστὶ μᾶλλον ἢ δεδρακότα εἴ σοι τὰ μητρὸς καὶ πατρὸς χρείη λέγειν ὧν οὕνεκ᾽ ἐκφοβεῖ με τοῦτ᾽ ἐγὼ καλῶς ἔξοιδα καίτοι πῶς ἐγὼ κακὸς φύσιν ὅστις παθὼν μὲν ἀντέδρων ὥστ᾽ εἰ φρονῶν ἔπρασσον οὐδ᾽ ἂν ὧδ᾽ ἐγιγνόμην κακός νῦν δ᾽ οὐδὲν εἰδὼς ἱκόμην ἵν᾽ ἱκόμην ὑφ᾽ ὧν δ᾽ ἔπασχον εἰδότων ἀπωλλύμην ἀνθ᾽ ὧν ἱκνοῦμαι πρὸς θεῶν ὑμᾶς ξένοι ὥσπερ με κἀνεστήσαθ᾽ ὧδε σώσατε καὶ μὴ θεοὺς τιμῶντες εἶτα τοὺς θεοὺς μοίρας ποιεῖσθε μηδαμῶς ἡγεῖσθε δὲ βλέπειν μὲν αὐτοὺς πρὸς τὸν εὐσεβῆ βροτῶν βλέπειν δὲ πρὸς τοὺς δυσσεβεῖς φυγὴν δέ του μήπω γενέσθαι φωτὸς ἀνοσίου βροτῶν ξὺν οἷς σὺ μὴ κάλυπτε τὰς εὐδαίμονας ἔργοις Ἀθήνας ἀνοσίοις ὑπηρετῶν ἀλλ᾽ ὥσπερ ἔλαβες τὸν ἱκέτην ἐχέγγυον ῥύου με κἀκφύλασσε μηδέ μου κάρα τὸ δυσπρόσοπτον εἰσορῶν ἀτιμάσῃς ἥκω γὰρ ἱερὸς εὐσεβής τε καὶ φέρων ὄνησιν ἀστοῖς τοῖσδ᾽ ὅταν δ᾽ ὁ κύριος παρῇ τις ὑμῶν ὅστις ἐστὶν ἡγεμών τότ᾽ εἰσακούων πάντ᾽ ἐπιστήσει τὰ δὲ μεταξὺ τούτου μηδαμῶς γίγνου κακός,213,1576,1363,1576,τίς δῆτα δόξα ἤ τίς κληδών καλός μάτην ῥέω ὠφέλημα γίγνομαι εἰ ὁ γ ̓ Ἀθῆναι φημί θεοσεβής εἰμί μόνος δέ ὁ κακόω ξένος σώζω οἷος τε καί μόνος ἀρκέω ἔχω ἐγώ ποῦ τοῦτ ̓ εἰμί ὅστις βάθρον ἐκ ὅδε μ ̓ ἐξαίρω εἶτ ̓ ἐλαύνω ὄνομα μόνος δείδω οὐ γάρ δή ὁ γε σῶμ ̓ οὐδέ ἔργον τἄμ ̓ ἐπεί ὁ γ ̓ ἔργον ἐγώ πεπονθότ ̓ εἰμί μᾶλλον ἤ δράω εἰ σύ ὁ μήτηρ καί πατήρ χρή λέγω ὅς οὕνεκ ̓ ἐκφοβέω ἐγώ τοῦτ ̓ ἐγώ καλός ἔξοιδα καίτοι πῶς ἐγώ κακός φύσις ὅστις πάσχω μέν ἀντιδράω ὥστ ̓ εἰ φρονέω πράσσω οὐδ ̓ ἄν ὧδ ̓ γίγνομαι κακός νῦν δ ̓ οὐδείς οἶδα ἱκνέομαι ἵν ̓ ἱκνέομαι ὑφ ̓ ὅς δ ̓ πάσχω οἶδα ἀπόλλυμι ἀνθ ̓ ὅς ἱκνέομαι πρός θεός σύ ξένος ὥσπερ ἐγώ κἀνεστήσαθ ̓ ὧδε σώζω καί μή θεός τιμάω εἶτα ὁ θεός μοῖρα ποιέω μηδαμῶς ἡγέομαι δέ βλέπω μέν αὐτός πρός ὁ εὐσεβής βροτός βλέπω δέ πρός ὁ δυσσεβέω φυγή δέ τις μήπω γίγνομαι φώς ἀνόσιος βροτός σύν ὅς σύ μή καλύπτω ὁ εὐδαίμων ἔργον Ἀθῆναι ἀνόσιος ὑπηρέτης ἀλλ ̓ ὥσπερ λαμβάνω ὁ ἱκέτης ἐχέγγυος ῥύομαι ἐγώ ἐκφυλάσσω μηδέ ἐγώ κάρα ὁ δυσπρόσοπτος εἰσοράω ἀτιμάω ἵημι γάρ ἱερός εὐσεβής τε καί φέρω ὄνησις ἀστός τοῖσδ ̓ ὅταν δ ̓ ὁ κύριος πάρειμι τις σύ ὅστις εἰμί ἡγεμών τότ ̓ εἰσακούω πάντ ̓ ἐφίστημι ὁ δέ μεταξύ οὗτος μηδαμῶς γίγνομαι κακός
Χορός,ταρβεῖν μέν ὦ γεραιέ τἀνθυμήματα πολλή στ᾽ ἀνάγκη τἀπὸ σοῦ λόγοισι γὰρ οὐκ ὠνόμασται βραχέσι τοὺς δὲ τῆσδε γῆς ἄνακτας ἀρκεῖ ταῦτά μοι διειδέναι,24,1600,1576,1600,ταρβέω μέν ὦ γεραιός ἐνθύμημα πολύς στ ̓ ἀνάγκη ἀπό σύ λόγος γάρ οὐ ὀνομάζω βραχύς ὁ δέ ὅδε γῆ ἄναξ ἀρκέω οὗτος ἐγώ διαείδω1
Οἰδίπους,καὶ ποῦ σθ᾽ ὁ κραίνων τῆσδε τῆς χώρας ξένοι,9,1609,1600,1609,καί ποῦ σθ ̓ ὁ κραίνω ὅδε ὁ χώρα ξένος
Χορός,πατρῷον ἄστυ γῆς ἔχει σκοπὸς δέ νιν ὃς κἀμὲ δεῦρ᾽ ἔπεμψεν οἴχεται στελῶν,13,1622,1609,1622,πατρῷος ἄστυ γῆ ἔχω σκοπός δέ νιν ὅς ἐγώ δεῦρ ̓ πέμπω οἴχομαι στέλλω
Οἰδίπους,ἦ καὶ δοκεῖτε τοῦ τυφλοῦ τιν᾽ ἐντροπὴν ἢ φροντίδ᾽ ἕξειν αὐτὸν ὥστ᾽ ἐλθεῖν πέλας,14,1636,1622,1636,εἰμί καί δοκέω ὁ τυφλόω τιν ̓ ἐντροπὴν ἤ φροντίδ ̓ ἔχω αὐτός ὥστ ̓ ἔρχομαι πέλας
Χορός,καὶ κάρθ᾽ ὅταν περ τοὔνομ᾽ αἴσθηται τὸ σόν,8,1644,1636,1644,καί κάρθ ̓ ὅταν περί τοὔνομ ̓ αἰσθάνομαι ὁ σός
Οἰδίπους,τίς δ᾽ ἔσθ᾽ ὁ κείνῳ τοῦτο τοὔπος ἀγγελῶν,8,1652,1644,1652,τις δ ̓ ἔσθ ̓ ὁ ἐκεῖνος οὗτος ἔπος ἀναγελάω
Χορός,μακρὰ κέλευθος πολλὰ δ᾽ ἐμπόρων ἔπη φιλεῖ πλανᾶσθαι τῶν ἐκεῖνος ἀΐων θάρσει παρέσται πολὺ γάρ ὦ γέρον τὸ σὸν ὄνομα διήκει πάντας ὥστε κεἰ βραδὺς εὕδει κλύων σοῦ δεῦρ᾽ ἀφίξεται ταχύς,31,1683,1652,1683,μακρός κέλευθος πολύς δ ̓ ἔμπορος ἔπος φιλέω πλανάω ὁ ἐκεῖνος ἀίω θαρσέω πάρειμι πολύς γάρ ὦ γέρων ὁ σός ὄνομα διήκω πᾶς ὥστε εἰ βραδύς εὕδω κλύω σύ δεῦρ ̓ ἀφικνέομαι ταχύς
Οἰδίπους,ἀλλ᾽ εὐτυχὴς ἵκοιτο τῇ θ᾽ αὑτοῦ πόλει ἐμοί τε τίς γὰρ ἐσθλὸς οὐχ αὑτῷ φίλος,15,1698,1683,1698,ἀλλ ̓ εὐτυχής ἱκνέομαι ὁ θ ̓ ἑαυτοῦ πόλις ἐγώ τε τις γάρ ἐσθλός οὐ ἑαυτοῦ φίλος
Ἀντιγόνη,ὦ Ζεῦ τί λέξω ποῖ φρενῶν ἔλθω πάτερ,8,1706,1698,1706,ὦ Ζεύς τίς λέγω ποῖ φρήν ἔρχομαι πάτηρ
Οἰδίπους,τί δ᾽ ἔστι τέκνον Ἀντιγόνη,5,1711,1706,1711,τίς δ ̓ εἰμί τέκνον Ἀντιγόνη
Ἀντιγόνη,γυναῖχ᾽ ὁρῶ στείχουσαν ἡμῶν ἆσσον Αἰτναίας ἐπὶ πώλου βεβῶσαν κρατὶ δ᾽ ἡλιοστεγὴς κυνῆ πρόσωπα Θεσσαλίς νιν ἀμπέχει τί φῶ ἆρ᾽ ἔστιν ἆρ᾽ οὐκ ἔστιν ἢ γνώμη πλανᾷ καὶ φημὶ κἀπόφημι κοὐκ ἔχω τί φῶ τάλαινα οὐκ ἔστιν ἄλλη φαιδρὰ γοῦν ἀπ᾽ ὀμμάτων σαίνει με προσστείχουσα σημαίνει δ᾽ ὅτι μόνης τόδ᾽ ἐστὶ δῆλον Ἰσμήνης κάρα,54,1765,1711,1765,γυναῖχ ̓ ὁράω στείχω ἐγώ ἆσσον Αἰτναίας ἐπί πῶλος βαίνω κράς δ ̓ ἡλιοστεγὴς κυνέη πρόσωπον Θεσσαλίς νιν ἀμπέχω τίς φημί ἆρ ̓ εἰμί ἆρ ̓ οὐ εἰμί ἤ γνώμη πλανάω καί φημί ἀπόφημι οὐ ἔχω τίς φημί τάλας οὐ εἰμί ἄλλος φαιδρὰ γοῦν ἀπ ̓ ὄμμα σαίνω ἐγώ πρόσστείχω σημαίνω δ ̓ ὅτι μόνος τόδ ̓ εἰμί δῆλος Ἰσμήνη κάρα
Οἰδίπους,πῶς εἶπας ὦ παῖ,4,1769,1765,1769,πῶς εἶπον ὦ παῖς
Ἀντιγόνη,παῖδα σήν ἐμὴν δ᾽ ὁρᾶν ὅμαιμον αὐδῇ δ᾽ αὐτίκ᾽ ἔξεστιν μαθεῖν,11,1780,1769,1780,παῖς σός ἐμός δ ̓ ὁράω ὅμαιμος αὐδή δ ̓ αὐτίκ ̓ ἔξεστι μανθάνω
Ἰσμήνη,ὦ δισσὰ πατρὸς καὶ κασιγνήτης ἐμοὶ ἥδιστα προσφωνήμαθ᾽ ὡς ὑμᾶς μόλις εὑροῦσα λύπῃ δεύτερον μόλις βλέπω,16,1796,1780,1796,ὦ δισσὰ πατήρ καί κασιγνήτη ἐγώ ἡδύς προσφωνήμαθ ̓ ὡς σύ μόλις εὑρίσκω λύπη δεύτερος μόλις βλέπω
Οἰδίπους,ὦ τέκνον ἥκεις,3,1799,1796,1799,ὦ τέκνον ἥκω
Ἰσμήνη,ὦ πάτερ δύσμοιρ᾽ ὁρᾶν,4,1803,1799,1803,ὦ πάτηρ δύσμοιρ ̓ ὁράω
Οἰδίπους,τέκνον πέφηνας,2,1805,1803,1805,τέκνον φαίνω
Ἰσμήνη,οὐκ ἄνευ μόχθου γέ μοι,5,1810,1805,1810,οὐ ἄνευ μόχθος γε ἐγώ
Οἰδίπους,πρόσψαυσον ὦ παῖ,3,1813,1810,1813,προσψαύω ὦ παῖς
Ἰσμήνη,θιγγάνω δυοῖν ὁμοῦ,3,1816,1813,1816,θιγγάνω δύο ὁμοῦ
Οἰδίπους,ὦ σπέρμ᾽ ὅμαιμον,3,1819,1816,1819,ὦ σπέρμ ̓ ὅμαιμος
Ἰσμήνη,ὦ δυσάθλιαι τροφαί,3,1822,1819,1822,ὦ δυσάθλιος τροφή
Οἰδίπους,ἦ τῆσδε κἀμοῦ,3,1825,1822,1825,εἰμί ὅδε ἐγώ
Ἰσμήνη,δυσμόρου τ᾽ ἐμοῦ τρίτης,4,1829,1825,1829,δύσμορος τ ̓ ἐγώ τρίτος
Οἰδίπους,τέκνον τί δ᾽ ἦλθες,4,1833,1829,1833,τέκνον τίς δ ̓ ἔρχομαι
Ἰσμήνη,σῇ πάτερ προμηθίᾳ,3,1836,1833,1836,σός πάτηρ προμήθεια
Οἰδίπους,πότερα πόθοισι,2,1838,1836,1838,πότερος πόθος
Ἰσμήνη,καὶ λόγων γ᾽ αὐτάγγελος ξὺν ᾧπερ εἶχον οἰκετῶν πιστῷ μόνῳ,10,1848,1838,1848,καί λόγος γ ̓ αὐτάγγελος σύν ὅς ἔχω οἰκέτης πιστός μόνος
Οἰδίπους,οἱ δ᾽ αὐθόμαιμοι ποῦ νεανίαι πονεῖν,6,1854,1848,1854,ὁ δ ̓ ὅμαιμος ποῦ νεανίης πονέω
Ἰσμήνη,εἴσ᾽ οὗπέρ εἰσι δεινὰ τἀν κείνοις τανῦν,7,1861,1854,1861,εἴσ ̓ οὗπέρ εἰμί δεινός ἐν κεῖνος τανῦν
Οἰδίπους,ὦ πάντ᾽ ἐκείνω τοῖς ἐν Αἰγύπτῳ νόμοις φύσιν κατεικασθέντε καὶ βίου τροφάς ἐκεῖ γὰρ οἱ μὲν ἄρσενες κατὰ στέγας θακοῦσιν ἱστουργοῦντες αἱ δὲ σύννομοι τἄξω βίου τροφεῖα πορσύνουσ᾽ ἀεί σφῷν δ᾽ ὦ τέκν᾽ οὓς μὲν εἰκὸς ἦν πονεῖν τάδε κατ᾽ οἶκον οἰκουροῦσιν ὥστε παρθένοι σφὼ δ᾽ ἀντ᾽ ἐκείνων τἀμὰ δυστήνου κακὰ ὑπερπονεῖτον ἡ μὲν ἐξ ὅτου νέας τροφῆς ἔληξε καὶ κατίσχυσεν δέμας ἀεὶ μεθ᾽ ἡμῶν δύσμορος πλανωμένη γερονταγωγεῖ πολλὰ μὲν κατ᾽ ἀγρίαν ὕλην ἄσιτος νηλίπους τ᾽ ἀλωμένη πολλοῖσι δ᾽ ὄμβροις ἡλίου τε καύμασιν μοχθοῦσα τλήμων δεύτερ᾽ ἡγεῖται τὰ τῆς οἴκοι διαίτης εἰ πατὴρ τροφὴν ἔχοι σὺ δ᾽ ὦ τέκνον πρόσθεν μὲν ἐξίκου πατρὶ μαντεῖ᾽ ἄγουσα πάντα Καδμείων λάθρᾳ ἃ τοῦδ᾽ ἐχρήσθη σώματος φύλαξ τέ μου πιστὴ κατέστης γῆς ὅτ᾽ ἐξηλαυνόμην νῦν δ᾽ αὖ τίν᾽ ἥκεις μῦθον Ἰσμήνη πατρὶ φέρουσα τίς σ᾽ ἐξῆρεν οἴκοθεν στόλος ἥκεις γὰρ οὐ κενή γε τοῦτ᾽ ἐγὼ σαφῶς ἔξοιδα μὴ οὐχὶ δεῖμ᾽ ἐμοὶ φέρουσά τι,149,2010,1861,2010,ὦ πάντ ̓ κενόω ὁ ἐν Αἴγυπτος νόμος φύσις κατεικάζω καί βίος τροφή ἐκεῖ γάρ ὁ μέν ἄρσην κατά στέγη θακέω ἱστουργέω ὁ δέ σύννομος ἄγνυμι βίος τροφεῖα πορσύνουσ ̓ ἀεί σύ δ ̓ ὦ τέκν ̓ ὅς μέν ἔοικα εἰμί πονέω ὅδε κατ ̓ οἶκος οἰκουρέω ὥστε παρθένος σφεῖς δ ̓ ἀντ ̓ ἐκεῖνος ἐμός δύστηνος κακός ὑπερπονέω ὁ μέν ἐκ ὅστις ναῦς τροφή λήγω καί κατισχύω δέμας ἀεί μεθ ̓ ἐγώ δύσμορος πλανάω γερονταγωγέω πολύς μέν κατ ̓ ἄγριος ὕλη ἄσιτος νήλιπος τ ̓ ἀλάομαι πολύς δ ̓ ὄμβρος ἥλιος τε καῦμα μοχθέω τλήμων δεύτερ ̓ ἡγέομαι ὁ ὁ οἴκοι δίαιτα εἰ πατήρ τροφή ἔχω σύ δ ̓ ὦ τέκνον πρόσθεν μέν ἐξικνέομαι πατήρ μαντεῖ ̓ ἄγω πᾶς Καδμεῖος λάθρῃ ὅς τοῦδ ̓ χράω σῶμα φύλαξ τε ἐγώ πιστός καθίστημι γῆ ὅτ ̓ ἐξελαύνω νῦν δ ̓ αὖ τίν ̓ ἥκω μῦθος Ἰσμήνη πατήρ φέρω τις σ ̓ ἐξαίρω οἴκοθεν στόλος ἥκω γάρ οὐ κενός γε τοῦτ ̓ ἐγώ σαφής ἔξοιδα μή οὐ δεῖμ ̓ ἐγώ φέρουσά τις
Ἰσμήνη,ἐγὼ τὰ μὲν παθήμαθ᾽ ἅπαθον πάτερ ζητοῦσα τὴν σὴν ποῦ κατοικοίης τροφήν παρεῖσ᾽ ἐάσω δὶς γὰρ οὐχὶ βούλομαι πονοῦσά τ᾽ ἀλγεῖν καὶ λέγουσ᾽ αὖθις πάλιν ἃ δ᾽ ἀμφὶ τοῖν σοῖν δυσμόροιν παίδοιν κακὰ νῦν ἐστι ταῦτα σημανοῦσ᾽ ἐλήλυθα πρὶν μὲν γὰρ αὐτοῖς ἦν ἔρως Κρέοντί τε θρόνους ἐᾶσθαι μηδὲ χραίνεσθαι πόλιν λόγῳ σκοποῦσι τὴν πάλαι γένους φθοράν οἵα κατέσχε τὸν σὸν ἄθλιον δόμον νῦν δ᾽ ἐκ θεῶν του κἀλιτηρίου φρενὸς εἰσῆλθε τοῖν τρὶς ἀθλίοιν ἔρις κακή ἀρχῆς λαβέσθαι καὶ κράτους τυραννικοῦ χὠ μὲν νεάζων καὶ χρόνῳ μείων γεγὼς τὸν πρόσθε γεννηθέντα Πολυνείκη θρόνων ἀποστερίσκει κἀξελήλακεν πάτρας ὁ δ᾽ ὡς καθ᾽ ἡμᾶς ἔσθ᾽ ὁ πληθύων λόγος τὸ κοῖλον Ἄργος βὰς φυγὰς προσλαμβάνει κῆδός τε καινὸν καὶ ξυνασπιστὰς φίλους ὡς αὐτίκ᾽ Ἄργος ἢ τὸ Καδμείων πέδον τιμῇ καθέξον ἢ πρὸς οὐρανὸν βιβῶν ταῦτ᾽ οὐκ ἀριθμός ἐστιν ὦ πάτερ λόγων ἀλλ᾽ ἔργα δεινά τοὺς δὲ σοὺς ὅπου θεοὶ πόνους κατοικτιοῦσιν οὐκ ἔχω μαθεῖν,150,2160,2010,2160,ἐγώ ὁ μέν παθήμαθ ̓ πάσχω πάτηρ ζητέω ὁ σός ποῦ κατοικέω τροφή παρεῖσ ̓ ἐάω δίς γάρ οὐ βούλομαι πονοῦσά τ ̓ ἀλγέω καί λέγουσ ̓ αὖθις πάλιν ὅς δ ̓ ἀμφί ὁ σός δύσμορος παῖς κακός νῦν εἰμί οὗτος σημανοῦσ ̓ ἔρχομαι πρίν μέν γάρ αὐτός εἰμί ἔρως Κρέοντί τε θρόνος ἐάω μηδέ χραίνω πόλις λόγος σκοπέω ὁ πάλαι γένος φθορά οἷος κατέχω ὁ σός ἄθλιος δόμος νῦν δ ̓ ἐκ θεός τις κἀλιτηρίου φρήν εἰσέρχομαι ὁ τρίς ἄθλιος ἔρις κακός ἀρχή λαμβάνω καί κράτος τυραννικός ὁ μέν νεάζω καί χρόνος μείων γεγὼς ὁ πρόσθεν γεννάω Πολυνείκης θρόνος ἀποστερίσκω ἐξελαύνω πάτρα ὁ δ ̓ ὡς καθ ̓ ἐγώ ἔσθ ̓ ὁ πληθύω λόγος ὁ κοῖλος Ἄργος βαίνω φυγάς προσλαμβάνω κῆδός τε καινός καί ξυνασπιστὰς φίλος ὡς αὐτίκ ̓ Ἄργος ἤ ὁ Καδμεῖος πέδον τιμή κατέχω ἤ πρός οὐρανός βιβάζω ταῦτ ̓ οὐ ἀριθμός εἰμί ὦ πάτηρ λόγος ἀλλ ̓ ἔργον δεινός ὁ δέ σός ὅπου θεός πόνος κατοικτίζω οὐ ἔχω μανθάνω
Οἰδίπους,ἤδη γὰρ ἔσχες ἐλπίδ᾽ ὡς ἐμοῦ θεοὺς ὤραν τιν᾽ ἕξειν ὥστε σωθῆναί ποτε,13,2173,2160,2173,ἤδη γάρ ἔχω ἐλπίδ ̓ ὡς ἐγώ θεός ὤρα τιν ̓ ἔχω ὥστε σωθῆναί ποτέ
Ἰσμήνη,ἔγωγε τοῖς νὺν γ᾽ ὦ πάτερ μαντεύμασιν,7,2180,2173,2180,ἐγώ ὁ νὺν γ ̓ ὦ πάτηρ μάντευμα
Οἰδίπους,ποίοισι τούτοις τί δὲ τεθέσπισται τέκνον,6,2186,2180,2186,ποῖος οὗτος τίς δέ θεσπίζω τέκνον
Ἰσμήνη,σὲ τοῖς ἐκεῖ ζητητὸν ἀνθρώποις ποτὲ θανόντ᾽ ἔσεσθαι ζῶντά τ᾽ εὐσοίας χάριν,12,2198,2186,2198,σύ ὁ ἐκεῖ ζητητὸν ἄνθρωπος ποτέ θανόντ ̓ εἰμί ζάω τ ̓ εὔσοια χάρις
Οἰδίπους,τίς δ᾽ ἂν τοιοῦδ᾽ ὑπ᾽ ἀνδρὸς εὖ πράξειεν ἄν,9,2207,2198,2207,τις δ ̓ ἄν τοιοῦδ ̓ ὑπ ̓ ἀνήρ εὖ πράσσω ἀνά
Ἰσμήνη,ἐν σοὶ τὰ κείνων φασὶ γίγνεσθαι κράτη,7,2214,2207,2214,ἐν σύ ὁ ἐκεῖνος φημί γίγνομαι κράτος
Οἰδίπους,ὅτ᾽ οὐκέτ᾽ εἰμί τηνικαῦτ᾽ ἄρ᾽ εἴμ᾽ ἀνήρ,7,2221,2214,2221,ὅτ ̓ οὐκέτ ̓ εἰμί τηνικαῦτ ̓ ἄρ ̓ εἴμ ̓ ἀνήρ
Ἰσμήνη,νῦν γὰρ θεοί σ᾽ ὀρθοῦσι πρόσθε δ᾽ ὤλλυσαν,8,2229,2221,2229,νῦν γάρ θεός σ ̓ ὀρθόω πρόσθεν δ ̓ ὄλλυμι
Οἰδίπους,γέροντα δ᾽ ὀρθοῦν φλαῦρον ὃς νέος πέσῃ,7,2236,2229,2236,γέρων δ ̓ ὀρθόω φλαῦρος ὅς νέος πίπτω
Ἰσμήνη,καὶ μὴν Κρέοντά γ᾽ ἴσθι σοι τούτων χάριν ἥξοντα βαιοῦ κοὐχὶ μυρίου χρόνου,13,2249,2236,2249,καί μήν Κρέοντά γ ̓ εἰμί σύ οὗτος χάρις ἥκω βαιός κοὐχὶ μυρίος χρόνος
Οἰδίπους,ὅπως τί δράσῃ θύγατερ ἑρμήνευέ μοι,6,2255,2249,2255,ὅπως τίς δράω θυγάτηρ ἑρμήνευέ ἐγώ
Ἰσμήνη,ὥς σ᾽ ἄγχι γῆς στήσωσι Καδμείας ὅπως κρατῶσι μὲν σοῦ γῆς δὲ μὴ μβαίνῃς ὅρων,15,2270,2255,2270,ὡς σ ̓ ἄγχι γῆ ἵστημι Καδμεῖος ὅπως κρατέω μέν σύ γῆ δέ μή μβαίνῃς ὅρος
Οἰδίπους,ἡ δ᾽ ὠφέλησις τίς θύρασι κειμένου,6,2276,2270,2276,ὁ δ ̓ ὠφέλησις τις θύρασι κεῖμαι
Ἰσμήνη,κείνοις ὁ τύμβος δυστυχῶν ὁ σὸς βαρύς,7,2283,2276,2283,κεῖνος ὁ τύμβος δυστυχέω ὁ σός βαρύς
Οἰδίπους,κἄνευ θεοῦ τις τοῦτό γ᾽ ἂν γνώμῃ μάθοι,8,2291,2283,2291,ἄνω1 θεός τις οὗτος γ ̓ ἄν γνώμη μανθάνω
Ἰσμήνη,τούτου χάριν τοίνυν σε προσθέσθαι πέλας χώρας θέλουσι μηδ᾽ ἵν᾽ ἂν σαυτοῦ κρατοῖς,13,2304,2291,2304,οὗτος χάρις τοίνυν σύ προστίθημι πέλας χώρα ἐθέλω μηδ ̓ ἵν ̓ ἄν σεαυτοῦ κρατέω
Οἰδίπους,ἦ καὶ κατασκιῶσι Θηβαίᾳ κόνει,5,2309,2304,2309,εἰμί καί κατασκιάζω Θηβαίᾳ κόνις
Ἰσμήνη,ἀλλ᾽ οὐκ ἐᾷ τοὔμφυλον αἷμά σ᾽ ὦ πάτερ,8,2317,2309,2317,ἀλλ ̓ οὐ ἐάω ἔμφυλος αἷμα σ ̓ ὦ πάτηρ
Οἰδίπους,οὐκ ἆρ᾽ ἐμοῦ γε μὴ κρατήσωσίν ποτε,7,2324,2317,2324,οὐ ἆρ ̓ ἐγώ γε μή κρατήσωσίν ποτέ
Ἰσμήνη,ἔσται ποτ᾽ ἆρα τοῦτο Καδμείοις βάρος,6,2330,2324,2330,εἰμί ποτ ̓ ἆρα οὗτος Καδμεῖος βάρος
Οἰδίπους,ποίας φανείσης ὦ τέκνον συναλλαγῆς,5,2335,2330,2335,ποῖος φαίνω ὦ τέκνον συναλλαγή
Ἰσμήνη,τῆς σῆς ὑπ᾽ ὀργῆς σοῖς ὅταν στῶσιν τάφοις,8,2343,2335,2343,ὁ σός ὑπ ̓ ὀργή σός ὅταν ἵστημι τάφος
Οἰδίπους,ἃ δ᾽ ἐννέπεις κλύουσα τοῦ λέγεις τέκνον,7,2350,2343,2350,ὅς δ ̓ ἐνέπω κλύω ὁ λέγω τέκνον
Ἰσμήνη,ἀνδρῶν θεωρῶν Δελφικῆς ἀφ᾽ ἑστίας,5,2355,2350,2355,ἀνήρ θεωρέω Δελφικῆς ἀφ ̓ ἑστία
Οἰδίπους,καὶ ταῦτ᾽ ἐφ᾽ ἡμῖν Φοῖβος εἰρηκὼς κυρεῖ,7,2362,2355,2362,καί ταῦτ ̓ ἐφ ̓ ἐγώ Φοῖβος εἰρηκὼς κυρέω
Ἰσμήνη,ὥς φασιν οἱ μολόντες εἰς Θήβης πέδον,7,2369,2362,2369,ὡς φημί ὁ βλώσκω εἰς Θήβη πέδον
Οἰδίπους,παίδων τις οὖν ἤκουσε τῶν ἐμῶν τάδε,7,2376,2369,2376,παῖς τις οὖν ἀκούω ὁ ἐμός ὅδε
Ἰσμήνη,ἄμφω γ᾽ ὁμοίως κἀξεπίστασθον καλῶς,5,2381,2376,2381,ἄμφω γ ̓ ὅμοιος ἐκἐφίστημι καλός
Οἰδίπους,κᾆθ᾽ οἱ κάκιστοι τῶνδ᾽ ἀκούσαντες πάρος τοὐμοῦ πόθου προύθεντο τὴν τυραννίδα,11,2392,2381,2392,κᾆθ ̓ ὁ κακός τῶνδ ̓ ἀκούω πάρος ἐγώ πόθος προτίθημι ὁ τυραννίς
Ἰσμήνη,ἀλγῶ κλύουσα ταῦτ᾽ ἐγώ φέρω δ᾽ ὅμως,7,2399,2392,2399,ἀλγέω κλύω ταῦτ ̓ ἐγώ φέρω δ ̓ ὅμως
Οἰδίπους,ἀλλ᾽ οἱ θεοί σφιν μήτε τὴν πεπρωμένην ἔριν κατασβέσειαν ἔν τ᾽ ἐμοὶ τέλος αὐτοῖν γένοιτο τῆσδε τῆς μάχης πέρι ἧς νῦν ἔχονται κἀπαναίρονται δόρυ ὡς οὔτ᾽ ἂν ὃς νῦν σκῆπτρα καὶ θρόνους ἔχει μείνειεν οὔτ᾽ ἂν οὑξεληλυθὼς πάλιν ἔλθοι ποτ᾽ αὖθις οἵ γε τὸν φύσαντ᾽ ἐμὲ οὕτως ἀτίμως πατρίδος ἐξωθούμενον οὐκ ἔσχον οὐδ᾽ ἤμυναν ἀλλ᾽ ἀνάστατος αὐτοῖς ἐπέμφθην κἀξεκηρύχθην φυγάς εἴποις ἂν ὡς θέλοντι τοῦτ᾽ ἐμοὶ τότε πόλις τὸ δῶρον εἰκότως κατῄνεσεν οὐ δῆτ᾽ ἐπεί τοι τὴν μὲν αὐτίχ᾽ ἡμέραν ὁπηνίκ᾽ ἔζει θυμός ἥδιστον δέ μοι τὸ κατθανεῖν ἦν καὶ τὸ λευσθῆναι πέτροις οὐδεὶς ἔρωτ᾽ ἐς τόνδ᾽ ἐφαίνετ᾽ ὠφελῶν χρόνῳ δ᾽ ὅτ᾽ ἤδη πᾶς ὁ μόχθος ἦν πέπων κἀμάνθανον τὸν θυμὸν ἐκδραμόντα μοι μείζω κολαστὴν τῶν πρὶν ἡμαρτημένων τὸ τηνίκ᾽ ἤδη τοῦτο μὲν πόλις βίᾳ ἤλαυνέ μ᾽ ἐκ γῆς χρόνιον οἱ δ᾽ ἐπωφελεῖν οἱ τοῦ πατρός τῷ πατρὶ δυνάμενοι τὸ δρᾶν οὐκ ἠθέλησαν ἀλλ᾽ ἔπους σμικροῦ χάριν φυγάς σφιν ἔξω πτωχὸς ἠλώμην ἀεί ἐκ ταῖνδε δ᾽ οὔσαιν παρθένοιν ὅσον φύσις δίδωσιν αὐταῖν καὶ τροφὰς ἔχω βίου καὶ γῆς ἄδειαν καὶ γένους ἐπάρκεσιν τὼ δ᾽ ἀντὶ τοῦ φύσαντος εἱλέσθην θρόνους καὶ σκῆπτρα κραίνειν καὶ τυραννεύειν χθονός ἀλλ᾽ οὔ τι μὴ λάχωσι τοῦδε συμμάχου οὐδέ σφιν ἀρχῆς τῆσδε Καδμείας ποτὲ ὄνησις ἥξει τοῦτ᾽ ἐγῷδα τῆσδέ τε μαντεῖ᾽ ἀκούων συννοῶν τε τἀξ ἐμοῦ παλαίφαθ᾽ ἁμοὶ Φοῖβος ἤνυσέν ποτε πρὸς ταῦτα καὶ Κρέοντα πεμπόντων ἐμοῦ μαστῆρα κεἴ τις ἄλλος ἐν πόλει σθένει ἐὰν γὰρ ὑμεῖς ὦ ξένοι θέληθ᾽ ὁμοῦ προστάτισι ταῖς σεμναῖσι δημούχοις θεαῖς ἀλκὴν ποεῖσθαι τῇδε τῇ πόλει μέγαν σωτῆρ᾽ ἀρεῖσθε τοῖς δ᾽ ἐμοῖς ἐχθροῖς πόνους,253,2652,2399,2652,ἀλλ ̓ ὁ θεός σφεῖς μήτε ὁ πόρω ἔρις κατασβέννυμι ἐν τ ̓ ἐγώ τέλος αὐτός γίγνομαι ὅδε ὁ μάχη περί ὅς νῦν ἔχω ἐπαναίρω δόρυ ὡς οὔτ ̓ ἄν ὅς νῦν σκῆπτρον καί θρόνος ἔχω μένω οὔτ ̓ ἄν οὑξεληλυθὼς πάλιν ἔρχομαι ποτ ̓ αὖθις ὅς γε ὁ φύσαντ ̓ ἐγώ οὕτως ἄτιμος πατρίς ἐξωθέω οὐ ἔχω οὐδ ̓ ἀμύνω ἀλλ ̓ ἀνάστατος αὐτός πέμπω ἐκκηρύσσω φυγή εἶπον ἄν ὡς ἐθέλω τοῦτ ̓ ἐγώ τότε πόλις ὁ δῶρον εἰκότως καταινέω οὐ δῆτ ̓ ἐπεί σύ ὁ μέν αὐτίχ ̓ ἡμέρα ὁπηνίκ ̓ ζέω θυμός ἡδύς δέ ἐγώ ὁ καταθνήσκω εἰμί καί ὁ λεύω πέτρος οὐδείς ἔρωτ ̓ εἰς τόνδ ̓ ἐφαίνετ ̓ ὠφελέω χρόνος δ ̓ ὅτ ̓ ἤδη πᾶς ὁ μόχθος εἰμί πέπων μανθάνω ὁ θυμός ἐκτρέχω ἐγώ μέγας κολαστὴν ὁ πρίν ἁμαρτάνω ὁ τηνίκ ̓ ἤδη οὗτος μέν πόλις βία ἤλαυνέ μ ̓ ἐκ γῆ χρόνιος ὁ δ ̓ ἐπωφελέω ὁ ὁ πατήρ ὁ πατήρ δύναμαι ὁ δράω οὐ ἐθέλω ἀλλ ̓ ἔπος μικρός χάρις φυγή σφεῖς ἔξω πτωχός ἀλάομαι ἀεί ἐκ ὅδε δ ̓ εἰμί παρθένος ὅσος φύσις δίδωμι αὐτός καί τροφή ἔχω βίος καί γῆ ἄδεια καί γένος ἐπάρκεσις ὁ δ ̓ ἀντί ὁ φύω αἱρέω θρόνος καί σκῆπτρον κραίνω καί τυραννεύω χθών ἀλλ ̓ οὐ τις μή λαγχάνω ὅδε σύμμαχος οὐδέ σφεῖς ἀρχή ὅδε Καδμεῖος ποτέ ὄνησις ἥκω τοῦτ ̓ οἶδα ὅδε τε μαντεῖ ̓ ἀκούω συννοέω τε ἐκ ἐγώ παλαίφαθ ̓ ἁμός Φοῖβος ἤνυσέν ποτέ πρός οὗτος καί Κρέων πέμπω ἐγώ μαστήρ εἰ τις ἄλλος ἐν πόλις σθένος ἐάν γάρ σύ ὦ ξένος θέληθ ̓ ὁμοῦ προστάτισι ὁ σεμνός δημοῦχος θεά ἀλκή ποιέω ὅδε ὁ πόλις μέγας σωτῆρ ̓ αἴρω ὁ δ ̓ ἐμός ἐχθρός πόνος
Χορός,ἐπάξιος μέν Οἰδίπους κατοικτίσαι αὐτός τε παῖδές θ᾽ αἵδ᾽ ἐπεὶ δὲ τῆσδε γῆς σωτῆρα σαυτὸν τῷδ᾽ ἐπεμβάλλεις λόγῳ παραινέσαι σοι βούλομαι τὰ σύμφορα,23,2675,2652,2675,ἐπάξιος μέν Οἰδίπους κατοικτίζω αὐτός τε παῖς θ ̓ αἵδ ̓ ἐπεί δέ ὅδε γῆ σωτήρ σαυτοῦ τῷδ ̓ ἐπεμβάλλω λόγος παραινέω σύ βούλομαι ὁ σύμφορος
Οἰδίπους,ὦ φίλταθ᾽ ὡς νῦν πᾶν τελοῦντι προξένει,7,2682,2675,2682,ὦ φίλταθ ̓ ὡς νῦν πᾶς τελέω προξενέω
Χορός,θοῦ νῦν καθαρμὸν τῶνδε δαιμόνων ἐφ᾽ ἃς τὸ πρῶτον ἵκου καὶ κατέστειψας πέδον,13,2695,2682,2695,τίθημι νῦν καθαρμὸν ὅδε δαίμων ἐφ ̓ ὅς ὁ πρῶτος ἱκνέομαι καί καταστείβω πέδον
Οἰδίπους,τρόποισι ποίοις ὦ ξένοι διδάσκετε,5,2700,2695,2700,τρόπος ποῖος ὦ ξένος διδάσκω
Χορός,πρῶτον μὲν ἱερὰς ἐξ ἀειρύτου χοὰς κρήνης ἐνεγκοῦ δι᾽ ὁσίων χειρῶν θιγών,12,2712,2700,2712,πρῶτος μέν ἱερός ἐκ ἀείρυτος χοή κρήνη φέρω δι ̓ ὅσιος χείρ θιγγάνω
Οἰδίπους,ὅταν δὲ τοῦτο χεῦμ᾽ ἀκήρατον λάβω,6,2718,2712,2718,ὅταν δέ οὗτος χεῦμ ̓ ἀκήρατος λαμβάνω
Χορός,κρατῆρές εἰσιν ἀνδρὸς εὔχειρος τέχνη ὧν κρᾶτ᾽ ἔρεψον καὶ λαβὰς ἀμφιστόμους,11,2729,2718,2729,κρατήρ εἰμί ἀνήρ εὔχειρ τέχνη ὅς κρᾶτ ̓ ἐρέφω καί λαβή ἀμφίστομος
Οἰδίπους,θαλλοῖσιν ἢ κρόκαισιν ἢ ποίῳ τρόπῳ,6,2735,2729,2735,θαλλός ἤ κρόκη ἤ ποῖος τρόπος
Χορός,οἰός γε νεαρᾶς νεοπόκῳ μαλλῷ λαβών,6,2741,2735,2741,ὄις γε νεαρός νεόποκος μαλλός λαμβάνω
Οἰδίπους,εἶεν τὸ δ᾽ ἔνθεν ποῖ τελευτῆσαί με χρή,8,2749,2741,2749,εἰμί ὁ δ ̓ ἔνθεν ποῖ τελευτάω ἐγώ χρή
Χορός,χοὰς χέασθαι στάντα πρὸς πρώτην ἕω,6,2755,2749,2755,χοή χέω ἵστημι πρός πρῶτος ἠώς
Οἰδίπους,ἦ τοῖσδε κρωσσοῖς οἷς λέγεις χέω τάδε,7,2762,2755,2762,εἰμί ὅδε κρωσσός ὅς λέγω χέω ὅδε
Χορός,τρισσάς γε πηγάς τὸν τελευταῖον δ᾽ ὅλον,7,2769,2762,2769,τρισσός γε πηγή ὁ τελευταῖος δ ̓ ὅλοξ
Οἰδίπους,τοῦ τόνδε πλήσας θῶ δίδασκε καὶ τόδε,7,2776,2769,2776,ὁ ὅδε πίμπλημι τίθημι διδάσκω καί ὅδε
Χορός,ὕδατος μελίσσης μηδὲ προσφέρειν μέθυ,5,2781,2776,2781,ὕδωρ μέλισσα μηδέ προσφέρω μέθυ
Οἰδίπους,ὅταν δὲ τούτων γῆ μελάμφυλλος τύχῃ,6,2787,2781,2787,ὅταν δέ οὗτος γῆ μελάμφυλλος τύχη
Χορός,τρὶς ἐννέ᾽ αὐτῇ κλῶνας ἐξ ἀμφοῖν χεροῖν τιθεὶς ἐλαίας τάσδ᾽ ἐπεύχεσθαι λιτάς,12,2799,2787,2799,τρίς ἐννέ ̓ αὐτός κλών ἐκ ἄμφω χείρ τίθημι ἐλαία τάσδ ̓ ἐπεύχομαι λιτή
Οἰδίπους,τούτων ἀκοῦσαι βούλομαι μέγιστα γάρ,5,2804,2799,2804,οὗτος ἀκούω βούλομαι μέγας γάρ
Χορός,ὥς σφας καλοῦμεν Εὐμενίδας ἐξ εὐμενῶν στέρνων δέχεσθαι τὸν ἱκέτην σωτήριον αἰτοῦ σύ τ᾽ αὐτὸς κεἴ τις ἄλλος ἀντὶ σοῦ ἄπυστα φωνῶν μηδὲ μηκύνων βοήν ἔπειτ᾽ ἀφέρπειν ἄστροφος καὶ ταῦτά σοι δράσαντι θαρσῶν ἂν παρασταίην ἐγώ ἄλλως δὲ δειμαίνοιμ᾽ ἄν ὦ ξέν᾽ ἀμφὶ σοι,44,2848,2804,2848,ὡς σφεῖς καλέω Εὐμενίδας ἐκ εὐμενής στέρνον δέχομαι ὁ ἱκέτης σωτήριος αἰτέω σύ τ ̓ αὐτός εἰ τις ἄλλος ἀντί σύ ἄπυστος φωνέω μηδέ μηκύνω βοή ἔπειτ ̓ ἀφέρπω ἄστροφος καί οὗτος σύ δράω θαρσέω ἄν παρίστημι ἐγώ ἄλλως δέ δειμαίνοιμ ̓ ἀνά ὦ ξέν ̓ ἀμφί σύ
Οἰδίπους,ὦ παῖδε κλύετον τῶνδε προσχώρων ξένων,6,2854,2848,2854,ὦ παῖς κλύω ὅδε πρόσχωρος ξένος
Ἀντιγόνη,ἠκούσαμέν τε χὤ τι δεῖ πρόστασσε δρᾶν,7,2861,2854,2861,ἠκούσαμέν τε ὅς τις δεῖ προστάσσω δράω
Οἰδίπους,ἐμοὶ μὲν οὐχ ὁδωτά λείπομαι γὰρ ἐν τῷ μὴ δύνασθαι μήδ᾽ ὁρᾶν δυοῖν κακοῖν σφῷν δ᾽ ἁτέρα μολοῦσα πραξάτω τάδε ἀρκεῖν γὰρ οἶμαι κἀντὶ μυρίων μίαν ψυχὴν τάδ᾽ ἐκτίνουσαν ἢν εὔνους παρῇ ἀλλ᾽ ἐν τάχει τι πράσσετον μόνον δέ με μὴ λείπετ᾽ οὐ γὰρ ἂν σθένοι τοὐμὸν δέμας ἔρημον ἕρπειν οὐδ᾽ ὑφηγητοῦ δίχα,53,2914,2861,2914,ἐγώ μέν οὐ ὁδωτός λείπω γάρ ἐν ὁ μή δύναμαι μήδ ̓ ὁράω δύο κακός σύ δ ̓ ἅτερος βλώσκω πράσσω ὅδε ἀρκέω γάρ οἴομαι κἀντὶ μυρίος εἷς ψυχή τάδ ̓ ἐκτίνω ἐάν εὔνους πάρειμι ἀλλ ̓ ἐν τάχος τις πράσσω μόνος δέ ἐγώ μή λείπετ ̓ οὐ γάρ ἄν σθένω ἐμός δέμας ἐρῆμος ἕρπω οὐδ ̓ ὑφηγητής δίχα
Ἰσμήνη,ἀλλ᾽ εἶμ᾽ ἐγὼ τελοῦσα τὸν τόπον δ᾽ ἵνα χρῆσταί μ᾽ ἐφευρεῖν τοῦτο βούλομαι μαθεῖν,14,2928,2914,2928,ἀλλ ̓ εἶμ ̓ ἐγώ τελέω ὁ τόπος δ ̓ ἵνα χρῆσταί μ ̓ ἐφευρίσκω οὗτος βούλομαι μανθάνω
Χορός,τοὐκεῖθεν ἄλσους ὦ ξένη τοῦδ᾽ ἢν δέ του σπάνιν τιν᾽ ἴσχῃς ἔστ᾽ ἔποικος ὃς φράσει,15,2943,2928,2943,ἐκεῖθεν ἄλσος ὦ ξένη τοῦδ ̓ ἐάν δέ τις σπάνις τιν ̓ ἴσχω ἔστ ̓ ἔποικος ὅς φράζω
Ἰσμήνη,χωροῖμ᾽ ἂν ἐς τόδ᾽ Ἀντιγόνη σὺ δ᾽ ἐνθάδε φύλασσε πατέρα τόνδε τοῖς τεκοῦσι γὰρ οὐδ᾽ εἰ πονεῖ τις δεῖ πόνου μνήμην ἔχειν,22,2965,2943,2965,χωροῖμ ̓ ἄν εἰς τόδ ̓ Ἀντιγόνη σύ δ ̓ ἐνθάδε φυλάσσω πατήρ ὅδε ὁ τίκτω γάρ οὐδ ̓ εἰ πονέω τις δεῖ πόνος μνήμη ἔχω
Χορός,δεινὸν μὲν τὸ πάλαι κείμενον ἤδη κακόν ὦ ξεῖν᾽ ἐπεγείρειν ὅμως δ᾽ ἔραμαι πυθέσθαι,14,2979,2965,2979,δεινός μέν ὁ πάλαι κεῖμαι ἤδη κακός ὦ ξεῖν ̓ ἐπεγείρω ὅμως δ ̓ ἔραμαι πυνθάνομαι
Οἰδίπους,τί τοῦτο,2,2981,2979,2981,τίς οὗτος
Χορός,τᾶς δειλαίας ἀπόρου φανείσας ἀλγηδόνος ᾇ ξυνέστας,7,2988,2981,2988,ὁ δείλαιος ἄπορος φαίνω ἀλγηδών ὅς συνίστημι
Οἰδίπους,μὴ πρὸς ξενίας ἀνοίξῃς τᾶς σᾶς ἃ πέπονθ᾽ ἀναιδῆ,9,2997,2988,2997,μή πρός ξένιος ἀνοίγνυμι ὁ σός ὅς πέπονθ ̓ ἀναιδής
Χορός,τό τοι πολὺ καὶ μηδαμὰ λῆγον χρῄζω ξεῖν᾽ ὀρθὸν ἄκουσμ᾽ ἀκοῦσαι,11,3008,2997,3008,ὁ σύ πολύς καί μηδαμός λήγω χρῄζω ξεῖν ̓ ὀρθός ἄκουσμ ̓ ἀκούω
Χορός,στέρξον ἱκετεύω,2,3010,3008,3010,στέργω ἱκετεύω
Οἰδίπους,φεῦ φεῦ,2,3012,3010,3012,φεῦ φεῦ
Χορός,πείθου κἀγὼ γὰρ ὅσον σὺ προσχρῄζεις,6,3018,3012,3018,πείθω ἐγώ γάρ ὅσος σύ προσχρήιζω
Οἰδίπους,ἤνεγκ᾽ οὖν κακότατ᾽ ὦ ξένοι ἤνεγκ᾽ ἀέκων μέν θεὸς ἴστω τούτων δ᾽ αὐθαίρετον οὐδέν,14,3032,3018,3032,ἤνεγκ ̓ οὖν κακότατ ̓ ὦ ξένος ἤνεγκ ̓ ἀέκων μέν θεός οἶδα οὗτος δ ̓ αὐθαίρετος οὐδείς
Χορός,ἀλλ᾽ ἐς τί,3,3035,3032,3035,ἀλλ ̓ εἰς τίς
Οἰδίπους,κακᾷ μ᾽ εὐνᾷ πόλις οὐδὲν ἴδριν γάμων ἐνέδησεν ἄτᾳ,9,3044,3035,3044,κακός μ ̓ εὐνάζω πόλις οὐδείς ἴδρις γάμος ἐνδέω ἄτη
Χορός,ἦ ματρόθεν ὡς ἀκούω δυσώνυμα λέκτρ᾽ ἐπλήσω,7,3051,3044,3051,εἰμί μητρόθεν ὡς ἀκούω δυσώνυμος λέκτρ ̓ πίμπλημι
Οἰδίπους,ὤμοι θάνατος μὲν τάδ᾽ ἀκούειν ὦ ξεῖν᾽ αὗται δὲ δύ᾽ ἐξ ἐμοῦ μὲν,13,3064,3051,3064,ὤμοι θάνατος μέν τάδ ̓ ἀκούω ὦ ξεῖν ̓ οὗτος δέ δύ ̓ ἐκ ἐγώ μέν
Χορός,πῶς φῄς,2,3066,3064,3066,πῶς φημί
Οἰδίπους,παῖδε δύο δ᾽ ἄτα,4,3070,3066,3070,παῖς δύο δ ̓ ἄτη
Χορός,ὦ Ζεῦ,2,3072,3070,3072,ὦ Ζεύς
Οἰδίπους,ματρὸς κοινᾶς ἀπέβλαστον ὠδῖνος,4,3076,3072,3076,μήτηρ κοινόω ἀποβλαστάνω ὠδίς
Χορός,σαί τ᾽ εἴσ᾽ ἄρ᾽ ἀπόγονοί τε καὶ,7,3083,3076,3083,σός τ ̓ εἴσ ̓ ἄρ ̓ ἀπόγονοί τε καί
Οἰδίπους,κοιναί γε πατρὸς ἀδελφεαί,4,3087,3083,3087,κοινός γε πατήρ ἀδελφή
Οἰδίπους,ἰὼ δῆτα μυρίων γ᾽ ἐπιστροφαὶ κακῶν,6,3093,3087,3093,ἰώ δῆτα μυρίος γ ̓ ἐπιστροφαὶ κακός
Οἰδίπους,ἔπαθον ἄλαστ᾽ ἔχειν,3,3096,3093,3096,πάσχω ἄλαστ ̓ ἔχω
Οἰδίπους,οὐκ ἔρεξα,2,3098,3096,3098,οὐ ῥέζω
Χορός,τί γάρ,2,3100,3098,3100,τίς γάρ
Οἰδίπους,ἐδεξάμην δῶρον ὃ μήποτ᾽ ἐγὼ ταλακάρδιος ἐπωφέλησας πόλεος ἐξελέσθαι,9,3109,3100,3109,δέχομαι δῶρον ὁ μήποτ ̓ ἐγώ ταλακάρδιος ἐπωφέλησας πόλις ἐξαιρέω
Χορός,δύστανε τί γάρ ἔθου φόνον,5,3114,3109,3114,δύστηνος τίς γάρ τίθημι φόνος
Οἰδίπους,τί τοῦτο τί δ᾽ ἐθέλεις μαθεῖν,6,3120,3114,3120,τίς οὗτος τίς δ ̓ ἐθέλω μανθάνω
Οἰδίπους,παπαῖ δευτέραν ἔπαισας ἐπὶ νόσῳ νόσον,6,3126,3120,3126,παπαῖ δεύτερος παίω ἐπί νόσος νόσος
Οἰδίπους,ἔκανον ἔχει δέ μοι,4,3130,3126,3130,καίνω ἔχω δέ ἐγώ
Χορός,τί τοῦτο,2,3132,3130,3132,τίς οὗτος
Οἰδίπους,πρὸς δίκας τι,3,3135,3132,3135,πρός δίκη τις
Χορός,τί γάρ,2,3137,3135,3137,τίς γάρ
Οἰδίπους,ἐγὼ φράσω καὶ γὰρ ἄν οὓς ἐφόνευσ᾽ ἔμ᾽ ἀπώλεσαν νόμῳ δὲ καθαρός ἄϊδρις εἰς τόδ᾽ ἦλθον,16,3153,3137,3153,ἐγώ φράζω καί γάρ ἀνά ὅς ἐφόνευσ ̓ ἔμ ̓ ἀπόλλυμι νόμος δέ καθαρός ἄιδρις εἰς τόδ ̓ ἔρχομαι
Χορός,καὶ μὴν ἄναξ ὅδ᾽ ἡμὶν Αἰγέως γόνος Θησεὺς κατ᾽ ὀμφὴν σὴν ἐφ᾽ ἁστάλη πάρα,14,3167,3153,3167,καί μήν ἄναξ ὅδ ̓ ἐγώ Αἰγέως γόνος Θησεύς κατ ̓ ὀμφὴν σός ἐφ ̓ ἁστάλη παρά
Θησεύς,πολλῶν ἀκούων ἔν τε τῷ πάρος χρόνῳ τὰς αἱματηρὰς ὀμμάτων διαφθορὰς ἔγνωκά σ᾽ ὦ παῖ Λαΐου τανῦν θ᾽ ὁδοῖς ἐν ταῖσδ᾽ ἀκούων μᾶλλον ἐξεπίσταμαι σκευή τε γάρ σε καὶ τὸ δύστηνον κάρα δηλοῦτον ἡμῖν ὄνθ᾽ ὃς εἶ καί σ᾽ οἰκτίσας θέλω περέσθαι δύσμορ᾽ Οἰδίπους τίνα πόλεως ἐπέστης προστροπὴν ἐμοῦ τ᾽ ἔχων αὐτός τε χἠ σὴ δύσμορος παραστάτις δίδασκε δεινὴν γάρ τιν᾽ ἂν πρᾶξιν τύχοις λέξας ὁποίας ἐξαφισταίμην ἐγώ ὃς οἶδα καὐτὸς ὡς ἐπαιδεύθην ξένος ὥσπερ σύ χὢς εἷς πλεῖστ᾽ ἀνὴρ ἐπὶ ξένης ἤθλησα κινδυνεύματ᾽ ἐν τὠμῷ κάρᾳ ὥστε ξένον γ᾽ ἂν οὐδέν᾽ ὄνθ᾽ ὥσπερ σὺ νῦν ὑπεκτραποίμην μὴ οὐ συνεκσῴζειν ἐπεὶ ἔξοιδ᾽ ἀνὴρ ὢν χὤτι τῆς εἰς αὔριον οὐδὲν πλέον μοι σοῦ μέτεστιν ἡμέρας,114,3281,3167,3281,πολύς ἀκούω ἐν τε ὁ πάρος χρόνος ὁ αἱματηρός ὄμμα διαφθορὰς ἔγνωκά σ ̓ ὦ παῖς Λάιος τανῦν θ ̓ ὁδός ἐν ταῖσδ ̓ ἀκούω μᾶλλον ἐξεπίσταμαι σκευή τε γάρ σύ καί ὁ δύστηνος κάρα δηλόω ἐγώ ὄνθ ̓ ὅς εἶμι καί σ ̓ οἰκτίζω ἐθέλω περέσθαι δύσμορ ̓ Οἰδίπους τίς πόλις ἐφίστημι προστροπὴν ἐγώ τ ̓ ἔχω αὐτός τε ὁ σός δύσμορος παραστάτις διδάσκω δεινός γάρ τιν ̓ ἄν πρᾶξις τυγχάνω λέγω ὁποῖος ἐξαφίσταμαι ἐγώ ὅς οἶδα αὐτός ὡς παιδεύω ξένος ὥσπερ σύ χὢς εἷς πλεῖστ ̓ ἀνήρ ἐπί ξένος ἀθλέω κινδυνεύματ ̓ ἐν ἐμός κάρα ὥστε ξένος γ ̓ ἄν οὐδέν ̓ ὄνθ ̓ ὥσπερ σύ νῦν ὑπεκτρέπω μή οὐ συνεκσώζω ἐπεί ἔξοιδ ̓ ἀνήρ εἰμί ὅστις ὁ εἰς αὔριον οὐδείς πλείων ἐγώ σύ μέτειμι ἡμέρα
Οἰδίπους,Θησεῦ τὸ σὸν γενναῖον ἐν σμικρῷ λόγῳ παρῆκεν ὥστε βραχέα μοι δεῖσθαι φράσαι σὺ γάρ μ᾽ ὅς εἰμι κἀφ᾽ ὅτου πατρὸς γεγὼς καὶ γῆς ὁποίας ἦλθον εἰρηκὼς κυρεῖς ὥστ᾽ ἐστί μοι τὸ λοιπὸν οὐδὲν ἄλλο πλὴν εἰπεῖν ἃ χρῄζω χὠ λόγος διοίχεται,42,3323,3281,3323,Θησεῦ ὁ σός γενναῖος ἐν μικρός λόγος παρίημι ὥστε βραχύς ἐγώ δέω φράζω σύ γάρ μ ̓ ὅς εἰμί κἀφ ̓ ὅστις πατήρ γεγὼς καί γῆ ὁποῖος ἔρχομαι εἰρηκὼς κυρέω ὥστ ̓ εἰμί ἐγώ ὁ λοιπός οὐδείς ἄλλος πλήν εἶπον ὅς χρῄζω ὁ λόγος διοίχομαι
Θησεύς,τοῦτ᾽ αὐτὸ νῦν δίδασχ᾽ ὅπως ἂν ἐκμάθω,7,3330,3323,3330,τοῦτ ̓ αὐτός νῦν δίδασχ ̓ ὅπως ἄν ἐκμανθάνω
Οἰδίπους,δώσων ἱκάνω τοὐμὸν ἄθλιον δέμας σοὶ δῶρον οὐ σπουδαῖον εἰς ὄψιν τὰ δὲ κέρδη παρ᾽ αὐτοῦ κρείσσον᾽ ἢ μορφὴ καλή,20,3350,3330,3350,δώσων ἱκάνω ἐμός ἄθλιος δέμας σύ δῶρον οὐ σπουδαῖος εἰς ὄψις ὁ δέ κέρδος παρ ̓ αὐτός κρείσσον ̓ ἤ μορφή καλός
Θησεύς,ποῖον δὲ κέρδος ἀξιοῖς ἥκειν φέρων,6,3356,3350,3356,ποῖος δέ κέρδος ἀξιόω ἥκω φέρω
Οἰδίπους,χρόνῳ μάθοις ἄν οὐχὶ τῷ παρόντι που,7,3363,3356,3363,χρόνος μανθάνω ἀνά οὐ ὁ πάρειμι πού
Θησεύς,ποίῳ γὰρ ἡ σὴ προσφορὰ δηλώσεται,6,3369,3363,3369,ποῖος γάρ ὁ σός προσφορὰ δηλόω
Οἰδίπους,ὅταν θάνω γὼ καὶ σύ μου ταφεὺς γένῃ,8,3377,3369,3377,ὅταν θνήσκω ἐγώ καί σύ ἐγώ ταφεὺς γίγνομαι
Θησεύς,τὰ λοίσθι᾽ αἰτεῖ τοῦ βίου τὰ δ᾽ ἐν μέσῳ ἢ λῆστιν ἴσχεις ἢ δι᾽ οὐδενὸς ποεῖ,16,3393,3377,3393,ὁ λοίσθι ̓ αἰτέω ὁ βίος ὁ δ ̓ ἐν μέσος ἤ λῆστις ἴσχω ἤ δι ̓ οὐδείς ποιέω
Οἰδίπους,ἐνταῦθα γάρ μοι κεῖνα συγκομίζεται,5,3398,3393,3398,ἐνταῦθα γάρ ἐγώ κεῖνος συγκομίζω
Θησεύς,ἀλλ᾽ ἐν βραχεῖ δὴ τήνδε μ᾽ ἐξαιτεῖ χάριν,8,3406,3398,3406,ἀλλ ̓ ἐν βραχύς δή ὅδε μ ̓ ἐξαιτέω χάρις
Οἰδίπους,ὅρα γε μήν οὐ σμικρός οὔχ ἁγὼν ὅδε,8,3414,3406,3414,ὁράω γε μήν οὐ μικρός οὐ ἁγὼν ὅδε
Θησεύς,πότερα τὰ τῶν σῶν ἐκγόνων κἀμοῦ λέγεις,7,3421,3414,3421,πότερος ὁ ὁ σός ἔκγονος ἐγώ λέγω
Οἰδίπους,κεῖνοι κομίζειν κεῖσ᾽ ἄναξ χρῄζουσί με,6,3427,3421,3427,ἐκεῖνος κομίζω κεῖσ ̓ ἄναξ χρῄζουσί ἐγώ
Θησεύς,ἀλλ᾽ εἰ θέλοντά γ᾽ οὐδὲ σοὶ φεύγειν καλόν,8,3435,3427,3435,ἀλλ ̓ εἰ θέλοντά γ ̓ οὐδέ σύ φεύγω καλός
Οἰδίπους,ἀλλ᾽ οὐδ᾽ ὅτ᾽ αὐτὸς ἤθελον παρίεσαν,6,3441,3435,3441,ἀλλ ̓ οὐδ ̓ ὅτ ̓ αὐτός ἐθέλω παρίημι
Θησεύς,ὦ μῶρε θυμὸς δ᾽ ἐν κακοῖς οὐ ξύμφορον,8,3449,3441,3449,ὦ μωρός θυμός δ ̓ ἐν κακός οὐ σύμφορος
Οἰδίπους,ὅταν μάθῃς μου νουθέτει τανῦν δ᾽ ἔα,7,3456,3449,3456,ὅταν μανθάνω ἐγώ νουθετέω τανῦν δ ̓ εἰμί
Θησεύς,δίδασκ᾽ ἄνευ γνώμης γὰρ οὔ με χρὴ λέγειν,8,3464,3456,3464,δίδασκ ̓ ἄνευ γνώμη γάρ οὐ ἐγώ χρή λέγω
Οἰδίπους,πέπονθα Θησεῦ δεινὰ πρὸς κακοῖς κακά,6,3470,3464,3470,πάσχω Θησεῦ δεινός πρός κακός κακός
Θησεύς,ἦ τὴν παλαιὰν ξυμφορὰν γένους ἐρεῖς,6,3476,3470,3476,εἰμί ὁ παλαιός συμφορά γένος ἐρῶ
Οἰδίπους,οὐ δῆτ᾽ ἐπεὶ πᾶς τοῦτό γ᾽ Ἑλλήνων θροεῖ,8,3484,3476,3484,οὐ δῆτ ̓ ἐπεί πᾶς οὗτος γ ̓ Ἕλλην θροέω
Θησεύς,τί γὰρ τὸ μεῖζον ἢ κατ᾽ ἄνθρωπον νοσεῖς,8,3492,3484,3492,τίς γάρ ὁ μέγας ἤ κατ ̓ ἄνθρωπος νοσέω
Οἰδίπους,οὕτως ἔχει μοι γῆς ἐμῆς ἀπηλάθην πρὸς τῶν ἐμαυτοῦ σπερμάτων ἔστιν δέ μοι πάλιν κατελθεῖν μήποθ᾽ ὡς πατροκτόνῳ,18,3510,3492,3510,οὕτως ἔχω ἐγώ γῆ ἐμός ἀπελαύνω πρός ὁ ἐμαυτοῦ σπέρμα εἰμί δέ ἐγώ πάλιν κατέρχομαι μήποθ ̓ ὡς πατροκτόνος
Θησεύς,πῶς δῆτα σ᾽ ἂν πεμψαίαθ᾽ ὥστ᾽ οἰκεῖν δίχα,8,3518,3510,3518,πῶς δῆτα σ ̓ ἄν πεμψαίαθ ̓ ὥστ ̓ οἰκέω δίχα
Οἰδίπους,τὸ θεῖον αὐτοὺς ἐξαναγκάσει στόμα,5,3523,3518,3523,ὁ θεῖος αὐτός ἐξαναγκάζω στόμα
Θησεύς,ποῖον πάθος δείσαντας ἐκ χρηστηρίων,5,3528,3523,3528,ποῖος πάθος δείδω ἐκ χρηστήριον
Οἰδίπους,ὅτι σφ᾽ ἀνάγκη τῇδε πληγῆναι χθονί,6,3534,3528,3534,ὅτι σφ ̓ ἀνάγκη ὅδε πλήσσω χθών
Θησεύς,καὶ πῶς γένοιτ᾽ ἂν τἀμὰ κἀκείνων πικρά,7,3541,3534,3541,καί πῶς γένοιτ ̓ ἄν ἐμός ἐκεῖνος πικρός
Οἰδίπους,ὦ φίλτατ᾽ Αἰγέως παῖ μόνοις οὐ γίγνεται θεοῖσι γῆρας οὐδὲ κατθανεῖν ποτε τὰ δ᾽ ἄλλα συγχεῖ πάνθ᾽ ὁ παγκρατὴς χρόνος φθίνει μὲν ἰσχὺς γῆς φθίνει δὲ σώματος θνῄσκει δὲ πίστις βλαστάνει δ᾽ ἀπιστία καὶ πνεῦμα ταὐτὸν οὔποτ᾽ οὔτ᾽ ἐν ἀνδράσιν φίλοις βέβηκεν οὔτε πρὸς πόλιν πόλει τοῖς μὲν γὰρ ἤδη τοῖς δ᾽ ἐν ὑστέρῳ χρόνῳ τὰ τερπνὰ πικρὰ γίγνεται καὖθις φίλα καὶ ταῖσι Θήβαις εἰ τανῦν εὐημερεῖ καλῶς τὰ πρὸς σέ μυρίας ὁ μυρίος χρόνος τεκνοῦται νύκτας ἡμέρας τ᾽ ἰών ἐν αἷς τὰ νῦν ξύμφωνα δεξιώματα δόρει διασκεδῶσιν ἐκ σμικροῦ λόγου ἵν᾽ οὑμὸς εὕδων καὶ κεκρυμμένος νέκυς ψυχρός ποτ᾽ αὐτῶν θερμὸν αἷμα πίεται εἰ Ζεὺς ἔτι Ζεὺς χὠ Διὸς Φοῖβος σαφής ἀλλ᾽ οὐ γὰρ αὐδᾶν ἡδὺ τἀκίνητ᾽ ἔπη ἔα μ᾽ ἐν οἷσιν ἠρξάμην τὸ σὸν μόνον πιστὸν φυλάσσων κοὔποτ᾽ Οἰδίπουν ἐρεῖς ἀχρεῖον οἰκητῆρα δέξασθαι τόπων τῶν ἐνθάδ᾽ εἴπερ μὴ θεοὶ ψεύσουσί με,142,3683,3541,3683,ὦ φίλτατ ̓ Αἰγέως παῖς μόνος οὐ γίγνομαι θεός γῆρας οὐδέ καταθνήσκω ποτέ ὁ δ ̓ ἄλλος συγχέω πάνθ ̓ ὁ παγκρατής χρόνος φθίω μέν ἰσχύς γῆ φθίω δέ σῶμα θνήσκω δέ πίστις βλαστάνω δ ̓ ἀπιστία καί πνεῦμα ταὐτός οὔποτ ̓ οὔτ ̓ ἐν ἀνήρ φίλος βαίνω οὔτε πρός πόλις πόλις ὁ μέν γάρ ἤδη ὁ δ ̓ ἐν ὕστερος χρόνος ὁ τερπνός πικρός γίγνομαι αὖθις φίλος καί ὁ Θῆβαι εἰ τανῦν εὐημερέω καλός ὁ πρός σύ μυρίος ὁ μυρίος χρόνος τεκνόω νύξ ἡμέρα τ ̓ εἰμί ἐν ὅς ὁ νῦν σύμφωνος δεξίωμα δόρυ διασκεδάννυμι ἐκ μικρός λόγος ἵν ̓ ἐμός εὕδω καί κρύπτω νέκυς ψυχρός ποτ ̓ αὐτός θερμός αἷμα πίνω εἰ Ζεύς ἔτι Ζεύς ὁ Ζεύς Φοῖβος σαφής ἀλλ ̓ οὐ γάρ αὐδάω ἡδύς τἀκίνητ ̓ ἔπος εἰμί μ ̓ ἐν ὅς ἄρχω ὁ σός μόνος πιστός φυλάσσω κοὔποτ ̓ Οἰδίπους ἐρῶ ἀχρεῖος οἰκητήρ δέχομαι τόπος ὁ ἐνθάδ ̓ εἴπερ μή θεός ψεύσουσί ἐγώ
Χορός,ἄναξ πάλαι καὶ ταῦτα καὶ τοιαῦτ᾽ ἔπη γῇ τῇδ᾽ ὅδ᾽ ἁνὴρ ὡς τελῶν ἐφαίνετο,14,3697,3683,3697,ἄναξ πάλαι καί οὗτος καί τοιαῦτ ̓ ἔπος γῆ τῇδ ̓ ὅδ ̓ ἀνήρ ὡς τελέω φαίνω
Θησεύς,τίς δῆτ᾽ ἂν ἀνδρὸς εὐμένειαν ἐκβάλοι τοιοῦδ᾽ ὅτῳ πρῶτον μὲν ἡ δορύξενος κοινή παρ᾽ ἡμῖν αἰέν ἐστιν ἑστία ἔπειτα δ᾽ ἱκέτης δαιμόνων ἀφιγμένος γῇ τῇδε κἀμοὶ δασμὸν οὐ σμικρὸν τίνει ἁγὼ σεβισθεὶς οὔποτ᾽ ἐκβαλῶ χάριν τὴν τοῦδε χώρᾳ δ᾽ ἔμπολιν κατοικιῶ εἰ δ᾽ ἐνθάδ᾽ ἡδὺ τῷ ξένῳ μίμνειν σέ νιν τάξω φυλάσσειν εἴτ᾽ ἐμοῦ στείχειν μέτα τόδ᾽ ἡδύ τούτων Οἰδίπους δίδωμί σοι κρίναντι χρῆσθαι τῇδε γὰρ ξυνοίσομαι,67,3764,3697,3764,τις δῆτ ̓ ἄν ἀνήρ εὐμένεια ἐκβάλλω τοιοῦδ ̓ ὅστις πρῶτος μέν ὁ δορύξενος κοινός παρ ̓ ἐγώ ἀεί εἰμί ἑστία ἔπειτα δ ̓ ἱκέτης δαίμων ἀφικνέομαι γῆ ὅδε ἐγώ δασμός οὐ σμικρός τίνω ἐγώ σεβισθεὶς οὔποτ ̓ ἐκβάλλω χάρις ὁ ὅδε χώρα δ ̓ ἔμπολις κατοικίζω εἰ δ ̓ ἐνθάδ ̓ ἡδύς ὁ ξένος μίμνω σύ νιν τάσσω φυλάσσω εἴτ ̓ ἐγώ στείχω μετά τόδ ̓ ἡδύς οὗτος Οἰδίπους δίδωμί σύ κρίνω χράω ὅδε γάρ συμφέρω
Οἰδίπους,ὦ Ζεῦ διδοίης τοῖσι τοιούτοισιν εὖ,6,3770,3764,3770,ὦ Ζεύς δίδωμι ὁ τοιοῦτος εὖ
Θησεύς,τί δῆτα χρῄζεις ἦ δόμους στείχειν ἐμούς,7,3777,3770,3777,τίς δῆτα χρῄζω εἰμί δόμος στείχω ἐμός
Οἰδίπους,εἴ μοι θέμις γ᾽ ἦν ἀλλ᾽ ὁ χῶρός ἐσθ᾽ ὅδε,10,3787,3777,3787,εἰ ἐγώ θέμις γ ̓ εἰμί ἀλλ ̓ ὁ χῶρός ἐσθ ̓ ὅδε
Θησεύς,ἐν ᾧ τί πράξεις οὐ γὰρ ἀντιστήσομαι,7,3794,3787,3794,ἐν ὅς τίς πρᾶξις οὐ γάρ ἀνθίστημι
Οἰδίπους,ἐν ᾧ κρατήσω τῶν ἔμ᾽ ἐκβεβληκότων,6,3800,3794,3800,ἐν ὅς κρατέω ὁ ἔμ ̓ ἐκβάλλω
Θησεύς,μέγ᾽ ἂν λέγοις δώρημα τῆς συνουσίας,6,3806,3800,3806,μέγ ̓ ἄν λέγω δώρημα ὁ συνουσία
Οἰδίπους,εἰ σοί γ᾽ ἅπερ φῂς ἐμμενεῖ τελοῦντί μοι,8,3814,3806,3814,εἰ σύ γ ̓ ὅς φημί ἐμμένω τελοῦντί ἐγώ
Θησεύς,θάρσει τὸ τοῦδέ γ᾽ ἀνδρός οὔ σε μὴ προδῶ,9,3823,3814,3823,θαρσέω ὁ ὅδε γ ̓ ἀνήρ οὐ σύ μή προδίδωμι
Οἰδίπους,οὔτοι σ᾽ ὑφ᾽ ὅρκου γ᾽ ὡς κακὸν πιστώσομαι,8,3831,3823,3831,οὔτοι σ ̓ ὑφ ̓ ὅρκος γ ̓ ὡς κακός πιστόω
Θησεύς,οὔκουν πέρα γ᾽ ἂν οὐδὲν ἢ λόγῳ φέροις,8,3839,3831,3839,οὔκουν πέρα γ ̓ ἄν οὐδείς ἤ λόγος φέρω
Οἰδίπους,πῶς οὖν ποήσεις,3,3842,3839,3842,πῶς οὖν ποιέω
Θησεύς,τοῦ μάλιστ᾽ ὄκνος σ᾽ ἔχει,5,3847,3842,3847,ὁ μάλιστ ̓ ὄκνος σ ̓ ἔχω
Οἰδίπους,ἥξουσιν ἄνδρες,2,3849,3847,3849,ἥκω ἀνήρ
Θησεύς,ἀλλὰ τοῖσδ᾽ ἔσται μέλον,4,3853,3849,3853,ἀλλά τοῖσδ ̓ εἰμί μέλω
Οἰδίπους,ὅρα με λείπων,3,3856,3853,3856,ὁράω ἐγώ λείπω
Θησεύς,μὴ δίδασχ᾽ ἃ χρή με δρᾶν,6,3862,3856,3862,μή δίδασχ ̓ ὅς χρή ἐγώ δράω
Οἰδίπους,ὀκνοῦντ᾽ ἀνάγκη,2,3864,3862,3864,ὀκνοῦντ ̓ ἀνάγκη
Θησεύς,τοὐμὸν οὐκ ὀκνεῖ κέαρ,4,3868,3864,3868,ἐμός οὐ ὀκνέω κῆρ
Οἰδίπους,οὐκ οἶσθ᾽ ἀπειλὰς,3,3871,3868,3871,οὐ οἶσθ ̓ ἀπειλή
Θησεύς,οἶδ᾽ ἐγώ σε μή τινα ἐνθένδ᾽ ἀπάξοντ᾽ ἄνδρα πρὸς βίαν ἐμοῦ πολλαὶ δ᾽ ἀπειλαὶ πολλὰ δὴ μάτην ἔπη θυμῷ κατηπείλησαν ἀλλ᾽ ὁ νοῦς ὅταν αὑτοῦ γένηται φροῦδα τἀπειλήματα κείνοις δ᾽ ἴσως κεἰ δείν᾽ ἐπερρώσθη λέγειν τῆς σῆς ἀγωγῆς οἶδ᾽ ἐγώ φανήσεται μακρὸν τὸ δεῦρο πέλαγος οὐδὲ πλώσιμον θαρσεῖν μὲν οὖν ἔγωγε κἂν ἐμῆς ἄνευ γνώμης ἐπαινῶ Φοῖβος εἰ προὔπεμψέ σε ὅμως δὲ κἀμοῦ μὴ παρόντος οἶδ᾽ ὅτι τοὐμὸν φυλάξει σ᾽ ὄνομα μὴ πάσχειν κακῶς,74,3945,3871,3945,οἶδ ̓ ἐγώ σύ μή τις ἐνθένδ ̓ ἀπάξοντ ̓ ἀνήρ πρός βία ἐγώ πολύς δ ̓ ἀπειλή πολύς δή μάτην ἔπος θυμός καταπειλέω ἀλλ ̓ ὁ νόος ὅταν ἑαυτοῦ γίγνομαι φροῦδος ἀπείλημα κεῖνος δ ̓ ἴσως εἰ δείν ̓ ἐπιρρώννυμι λέγω ὁ σός ἀγωγή οἶδ ̓ ἐγώ φανάω μακρός ὁ δεῦρο πέλαγος οὐδέ πλώσιμος θαρσέω μέν οὖν ἐγώ κἀν ἐμός ἄνευ γνώμη ἐπαινέω Φοῖβος εἰ προὔπεμψέ σύ ὅμως δέ ἐγώ μή πάρειμι οἶδ ̓ ὅτι ἐμός φυλάσσω σ ̓ ὄνομα μή πάσχω κακός
Χορός,εὐίππου ξένε τᾶσδε χώρας ἵκου τὰ κράτιστα γᾶς ἔπαυλα τὸν ἀργῆτα Κολωνόν ἔνθ᾽ ἁ λίγεια μινύρεται θαμίζουσα μάλιστ᾽ ἀηδὼν χλωραῖς ὑπὸ βάσσαις τὸν οἰνωπὸν ἔχουσα κισσὸν καὶ τὰν ἄβατον θεοῦ φυλλάδα μυριόκαρπον ἀνήλιον ἀνήνεμόν τε πάντων χειμώνων ἵν᾽ ὁ βακχιώτας ἀεὶ Διόνυσος ἐμβατεύει θεαῖς ἀμφιπολῶν τιθήναις,46,3991,3945,3991,εὔιππος ξένος ὅδε χώρα ἱκνέομαι ὁ κράτιστος γῆ ἔπαυλος ὁ ἀργής Κολωνόν ἔνθ ̓ ὁ λιγύς μινύρομαι θαμίζω μάλιστ ̓ ἀηδών χλωρός ὑπό βῆσσα ὁ οἰνωπὸν ἔχω κισσὸν καί ὁ ἄβατος θεός φυλλάς μυριόκαρπος ἀνήλιος ἀνήνεμόν τε πᾶς χειμών ἵν ̓ ὁ βακχιώτης ἀεί Διόνυσος ἐμβατεύω θεά ἀμφιπολέω τιθήνη
Χορός,θάλλει δ᾽ οὐρανίας ὑπ᾽ ἄχνας ὁ καλλίβοτρυς κατ᾽ ἦμαρ ἀεὶ νάρκισσος μεγάλαιν θεαῖν ἀρχαῖον στεφάνωμ᾽ ὅ τε χρυσαυγὴς κρόκος οὐδ᾽ ἄϋπνοι κρῆναι μινύθουσιν Κηφισοῦ νομάδες ῥεέθρων ἀλλ᾽ αἰὲν ἐπ᾽ ἤματι ὠκυτόκος πεδίων ἐπινίσσεται ἀκηράτῳ σὺν ὄμβρῳ στερνούχου χθονός οὐδὲ Μουσᾶν χοροί νιν ἀπεστύγησαν οὐδ᾽ ἁ,45,4036,3991,4036,θάλλω δ ̓ οὐράνιος ὑπ ̓ ἄχνη ὁ καλλίβοτρυς κατ ̓ ἦμαρ ἀεί νάρκισσος μέγας θεά ἀρχαῖος στεφάνωμ ̓ ὁ τε χρυσαυγὴς κρόκος οὐδ ̓ ἄϋπνοι κρήνη μινύθω Κηφισοῦ νομάς ῥεῖθρον ἀλλ ̓ ἀεί ἐπ ̓ ἦμαρ ὠκυτόκος πεδίον ἐπινίσσομαι ἀκήρατος σύν ὄμβρος στερνοῦχος χθών οὐδέ Μοῦσαι χορός νιν ἀποστυγέω οὐδ ̓ ὁ
Χορός,χρυσάνιος Ἀφροδίτα ἔστιν δ᾽ οἷον ἐγὼ γᾶς Ἀσίας οὐκ ἐπακούω οὐδ᾽ ἐν τᾷ μεγάλᾳ Δωρίδι νάσῳ Πέλοπος πώποτε βλαστὸν φύτευμ᾽ ἀχείρωτον αὐτόποιον ἐγχέων φόβημα δαΐων ὃ τᾷδε θάλλει μέγιστα χώρᾳ γλαυκᾶς παιδοτρόφου φύλλον ἐλαίας τὸ μέν τις οὐ νεαρὸς οὐδὲ γήρᾳ συνναίων ἁλιώσει χερὶ πέρσας ὁ γὰρ αἰὲν ὁρῶν κύκλος λεύσσει νιν μορίου Διὸς χἀ γλαυκῶπις Ἀθάνα,57,4093,4036,4093,χρυσήνιος Ἀφροδίτη εἰμί δ ̓ οἷος ἐγώ γῆ Ἀσία οὐ ἐπακούω οὐδ ̓ ἐν ὁ μέγας Δωρίδι νῆσος Πέλοψ πώποτε βλαστὸν φύτευμ ̓ ἀχείρωτος αὐτόποιον ἐγχέω φόβημα δάιος ὁ ὅδε θάλλω μέγας χώρα γλαυκός παιδότροφος φύλλον ἐλαία ὁ μέν τις οὐ νεαρός οὐδέ γῆρας συνναίω ἁλιόω χείρ πέρθω ὁ γάρ ἀεί ὁράω κύκλος λεύσσω νιν μόριος Ζεύς ὁ γλαυκῶπις Ἀθήνη
Χορός,ἄλλον δ᾽ αἶνον ἔχω ματροπόλει τᾷδε κράτιστον δῶρον τοῦ μεγάλου δαίμονος εἰπεῖν χθονὸς αὔχημα μέγιστον εὔιππον εὔπωλον εὐθάλασσον ὦ παῖ Κρόνου σὺ γάρ νιν εἰς τόδ᾽ εἷσας αὔχημ᾽ ἄναξ Ποσειδάν ἵπποισιν τὸν ἀκεστῆρα χαλινὸν πρώταισι ταῖσδε κτίσας ἀγυιαῖς ἁ δ᾽ εὐήρετμος ἔκπαγλ᾽ ἁλία χερσὶ παραπτομένα πλάτα θρῴσκει τῶν ἑκατομπόδων Νηρῄδων ἀκόλουθος,51,4144,4093,4144,ἄλλος δ ̓ αἶνος ἔχω μητρόπολις ὅδε κράτιστος δῶρον ὁ μέγας δαίμων εἶπον χθών αὔχημα μέγας εὔιππος εὔπωλος εὐθάλασσος ὦ παῖς Κρόνος σύ γάρ νιν εἰς τόδ ̓ ἵζω αὔχημ ̓ ἄναξ Ποσειδάν ἵππος ὁ ἀκεστήρ χαλινός πρότερος ὅδε κτίζω ἀγυιά ὁ δ ̓ εὐήρετμος ἔκπαγλ ̓ ἅλιος χείρ παράπτω πλάτη θρῴσκω ὁ ἑκατόμπους Νηρῄδων ἀκόλουθος
Ἀντιγόνη,ὦ πλεῖστ᾽ ἐπαίνοις εὐλογούμενον πέδον νῦν σὸν τὰ λαμπρὰ ταῦτα δὴ φαίνειν ἔπη,13,4157,4144,4157,ὦ πλεῖστ ̓ ἔπαινος εὐλογέω πέδον νῦν σός ὁ λαμπρός οὗτος δή φαίνω ἔπος
Οἰδίπους,τί δ᾽ ἔστιν ὦ παῖ καινόν,6,4163,4157,4163,τίς δ ̓ εἰμί ὦ παῖς καινός
Ἀντιγόνη,ἆσσον ἔρχεται Κρέων ὅδ᾽ ἡμῖν οὐκ ἄνευ πομπῶν πάτερ,9,4172,4163,4172,ἆσσον ἔρχομαι Κρέων ὅδ ̓ ἐγώ οὐ ἄνευ πομπός πάτηρ
Οἰδίπους,ὦ φίλτατοι γέροντες ἐξ ὑμῶν ἐμοὶ φαίνοιτ᾽ ἂν ἤδη τέρμα τῆς σωτηρίας,12,4184,4172,4184,ὦ φίλτατος γέρων ἐκ σύ ἐγώ φαίνοιτ ̓ ἄν ἤδη τέρμα ὁ σωτηρία
Χορός,θάρσει παρέσται καὶ γὰρ εἰ γέρων ἐγώ τὸ τῆσδε χώρας οὐ γεγήρακεν σθένος,13,4197,4184,4197,θαρσέω πάρειμι καί γάρ εἰ γέρων ἐγώ ὁ ὅδε χώρα οὐ γηράσκω σθένος
Κρέων,ἄνδρες χθονὸς τῆσδ᾽ εὐγενεῖς οἰκήτορες ὁρῶ τιν᾽ ὑμᾶς ὀμμάτων εἰληφότας φόβον νεώρη τῆς ἐμῆς ἐπεισόδου ὃν μήτ᾽ ὀκνεῖτε μήτ᾽ ἀφῆτ᾽ ἔπος κακόν ἥκω γὰρ οὐχ ὡς δρᾶν τι βουληθείς ἐπεὶ γέρων μέν εἰμι πρὸς πόλιν δ᾽ ἐπίσταμαι σθένουσαν ἥκων εἴ τιν᾽ Ἑλλάδος μέγα ἀλλ᾽ ἄνδρα τόνδε τηλικόσδ᾽ ἀπεστάλην πείσων ἕπεσθαι πρὸς τὸ Καδμείων πέδον οὐκ ἐξ ἑνὸς στείλαντος ἀλλ᾽ ἀνδρῶν ὑπὸ πάντων κελευσθείς οὕνεχ᾽ ἧκέ μοι γένει τὰ τοῦδε πενθεῖν πήματ᾽ εἰς πλεῖστον πόλεως ἀλλ᾽ ὦ ταλαίπωρ᾽ Οἰδίπους κλύων ἐμοῦ ἱκοῦ πρὸς οἴκους πᾶς σε Καδμείων λεὼς καλεῖ δικαίως ἐκ δὲ τῶν μάλιστ᾽ ἐγώ ὅσῳπερ εἰ μὴ πλεῖστον ἀνθρώπων ἔφυν κάκιστος ἀλγῶ τοῖσι σοῖς κακοῖς γέρον ὁρῶν σε τὸν δύστηνον ὄντα μὲν ξένον ἀεὶ δ᾽ ἀλήτην κἀπὶ προσπόλου μιᾶς βιοστερῆ χωροῦντα τὴν ἐγὼ τάλας οὐκ ἄν ποτ᾽ ἐς τοσοῦτον αἰκίας πεσεῖν ἔδοξ᾽ ὅσον πέπτωκεν ἥδε δύσμορος ἀεί σε κηδεύουσα καὶ τὸ σὸν κάρα πτωχῷ διαίτῃ τηλικοῦτος οὐ γάμων ἔμπειρος ἀλλὰ τοὐπιόντος ἁρπάσαι ἆρ᾽ ἄθλιον τοὔνειδος ὦ τάλας ἐγώ ὠνείδισ᾽ εἰς σὲ κἀμὲ καὶ τὸ πᾶν γένος ἀλλ᾽ οὐ γὰρ ἔστι τἀμφανῆ κρύπτειν σύ νιν πρὸς θεῶν πατρῴων Οἰδίπους πεισθεὶς ἐμοὶ κρύψον θελήσας ἄστυ καὶ δόμους μολεῖν τοὺς σοὺς πατρῴους τήνδε τὴν πόλιν φίλως εἰπών ἐπαξία γάρ ἡ δ᾽ οἴκοι πλέον δίκῃ σέβοιτ᾽ ἄν οὖσα σὴ πάλαι τροφός,207,4404,4197,4404,ἀνήρ χθών τῆσδ ̓ εὐγενής οἰκήτωρ ὁράω τιν ̓ σύ ὄμμα λαμβάνω φόβος νεώρης ὁ ἐμός ἐπείσοδος ὅς μήτ ̓ ὀκνέω μήτ ̓ ἀφῆτ ̓ ἔπος κακός ἵημι γάρ οὐ ὡς δράω τις βούλομαι ἐπεί γέρων μέν εἰμί πρός πόλις δ ̓ ἐπίσταμαι σθένω ἥκω εἰ τιν ̓ Ἑλλάς μέγας ἀλλ ̓ ἀνήρ ὅδε τηλικόσδ ̓ ἀποστέλλω πείθω ἕπομαι πρός ὁ Καδμεῖος πέδον οὐ ἐκ εἷς στέλλω ἀλλ ̓ ἀνήρ ὑπό πᾶς κελεύω οὕνεχ ̓ ἵημι ἐγώ γένος ὁ ὅδε πενθέω πήματ ̓ εἰς πλεῖστος πόλις ἀλλ ̓ ὦ ταλαίπωρ ̓ Οἰδίπους κλύω ἐγώ ἱκνέομαι πρός οἶκος πᾶς σύ Καδμεῖος λαός καλέω δίκαιος ἐκ δέ ὁ μάλιστ ̓ ἐγώ ὅσος εἰ μή πλεῖστος ἄνθρωπος φύω κακός ἀλγέω ὁ σός κακός γέρων ὁράω σύ ὁ δύστηνος εἰμί μέν ξένος ἀεί δ ̓ ἀλήτης ἐπί πρόσπολος εἷς βιοστερής χωρέω ὁ ἐγώ τάλας οὐ ἀνά ποτ ̓ εἰς τοσοῦτος αἰκία πίπτω ἔδοξ ̓ ὅσος πίπτω ὅδε δύσμορος ἀεί σύ κηδεύω καί ὁ σός κάρα πτωχός δίαιτα τηλικοῦτος οὐ γάμος ἔμπειρος ἀλλά ἔπειμι ἁρπάζω ἆρ ̓ ἄθλιος ὄνειδος ὦ τάλας ἐγώ ὠνείδισ ̓ εἰς σύ ἐγώ καί ὁ πᾶς γένος ἀλλ ̓ οὐ γάρ εἰμί ἐμφανής κρύπτω σύ νιν πρός θεός πατρῷος Οἰδίπους πείθω ἐγώ κρύπτω ἐθέλω ἄστυ καί δόμος βλώσκω ὁ σός πατρῷος ὅδε ὁ πόλις φίλος εἶπον ἐπάξιος γάρ ὁ δ ̓ οἴκοι πλείων δίκη σέβοιτ ̓ ἀνά εἰμί σός πάλαι τροφός
Οἰδίπους,ὦ πάντα τολμῶν κἀπὸ παντὸς ἂν φέρων λόγου δικαίου μηχάνημα ποικίλον τί ταῦτα πειρᾷ κἀμὲ δεύτερον θέλεις ἑλεῖν ἐν οἷς μάλιστ᾽ ἂν ἀλγοίην ἁλούς πρόσθεν τε γάρ με τοῖσιν οἰκείοις κακοῖς νοσοῦνθ᾽ ὅτ᾽ ἦν μοι τέρψις ἐκπεσεῖν χθονός οὐκ ἤθελες θέλοντι προσθέσθαι χάριν ἀλλ᾽ ἡνίκ᾽ ἤδη μεστὸς ἦ θυμούμενος καὶ τοὐν δόμοισιν ἦν διαιτᾶσθαι γλυκύ τότ᾽ ἐξεώθεις κἀξέβαλλες οὐδέ σοι τὸ συγγενὲς τοῦτ᾽ οὐδαμῶς τότ᾽ ἦν φίλον νῦν τ᾽ αὖθις ἡνίκ᾽ εἰσορᾷς πόλιν τέ μοι ξυνοῦσαν εὔνουν τήνδε καὶ γένος τὸ πᾶν πειρᾷ μετασπᾶν σκληρὰ μαλθακῶς λέγων καίτοι τίς αὕτη τέρψις ἄκοντας φιλεῖν ὥσπερ τις εἴ σοι λιπαροῦντι μὲν τυχεῖν μηδὲν διδοίη μηδ᾽ ἐπαρκέσαι θέλοι πλήρη δ᾽ ἔχοντι θυμὸν ὧν χρῄζοις τότε δωροῖθ᾽ ὅτ᾽ οὐδὲν ἡ χάρις χάριν φέροι ἆρ᾽ ἂν ματαίου τῆσδ᾽ ἂν ἡδονῆς τύχοις τοιαῦτα μέντοι καὶ σὺ προσφέρεις ἐμοί λόγῳ μὲν ἐσθλά τοῖσι δ᾽ ἔργοισιν κακά φράσω δὲ καὶ τοῖσδ᾽ ὥς σε δηλώσω κακόν ἥκεις ἔμ᾽ ἄξων οὐχ᾽ ἵν᾽ ἐς δόμους ἄγῃς ἀλλ᾽ ὡς πάραυλον οἰκίσῃς πόλις δέ σοι κακῶν ἄνατος τῆσδ᾽ ἀπαλλαχθῇ χθονός οὐκ ἔστι σοι ταῦτ᾽ ἀλλά σοι τάδ᾽ ἔστ᾽ ἐκεῖ χώρας ἀλάστωρ οὑμὸς ἐνναίων ἀεί ἔστιν δὲ παισὶ τοῖς ἐμοῖσι τῆς ἐμῆς χθονὸς λαχεῖν τοσοῦτον ἐνθανεῖν μόνον ἆρ᾽ οὐκ ἄμεινον ἢ σὺ τἀν Θήβαις φρονῶ πολλῷ γ᾽ ὅσῳπερ κἀκ σαφεστέρων κλύω Φοίβου τε καὐτοῦ Ζηνός ὃς κείνου πατήρ τὸ σὸν δ᾽ ἀφῖκται δεῦρ᾽ ὑπόβλητον στόμα πολλὴν ἔχον στόμωσιν ἐν δὲ τῷ λέγειν κάκ᾽ ἂν λάβοις τὰ πλείον᾽ ἢ σωτήρια ἀλλ᾽ οἶδα γάρ σε ταῦτα μὴ τείθων ἴθι ἡμᾶς δ᾽ ἔα ζῆν ἐνθάδ᾽ οὐ γὰρ ἂν κακῶς οὐδ᾽ ὧδ᾽ ἔχοντες ζῷμεν εἰ τερποίμεθα,258,4662,4404,4662,ὦ πᾶς τολμάω ἀπό πᾶς ἄν φέρω λόγος δίκαιος μηχάνημα ποικίλος τίς οὗτος πειράω ἐγώ δεύτερος ἐθέλω αἱρέω ἐν ὅς μάλιστ ̓ ἄν ἀλγέω ἁλίσκομαι πρόσθεν τε γάρ ἐγώ ὁ οἰκεῖος κακός νοσοῦνθ ̓ ὅτ ̓ εἰμί ἐγώ τέρψις ἐκπίπτω χθών οὐ ἐθέλω ἐθέλω προστίθημι χάρις ἀλλ ̓ ἡνίκ ̓ ἤδη μεστός εἰμί θυμόω καί ἐν δόμος εἰμί διαιτάω γλυκύς τότ ̓ ἐξωθέω ἐκβάλλω οὐδέ σύ ὁ συγγενής τοῦτ ̓ οὐδαμῶς τότ ̓ εἰμί φίλος νῦν τ ̓ αὖθις ἡνίκ ̓ εἰσοράω πόλις τε ἐγώ σύνειμι εὔνους ὅδε καί γένος ὁ πᾶς πειράω μετασπάω σκληρός μαλθακός λέγω καίτοι τις οὗτος τέρψις ἄκων φιλέω ὥσπερ τις εἰ σύ λιπαρέω μέν τυγχάνω μηδείς δίδωμι μηδ ̓ ἐπαρκέω ἐθέλω πλήρης δ ̓ ἔχω θυμός ὅς χρήιζω τότε δωροῖθ ̓ ὅτ ̓ οὐδείς ὁ χάρις χάρις φέρω ἆρ ̓ ἄν μάταιος τῆσδ ̓ ἄν ἡδονά τυγχάνω τοιοῦτος μέντοι καί σύ προσφέρω ἐγώ λόγος μέν ἐσθλός ὁ δ ̓ ἔργον κακός φράζω δέ καί τοῖσδ ̓ ὡς σύ δηλόω κακός ἥκω ἔμ ̓ ἄξων οὐχ ̓ ἵν ̓ εἰς δόμος ἄγω ἀλλ ̓ ὡς πάραυλος οἰκίζω πόλις δέ σύ κακός ἄνατος τῆσδ ̓ ἀπαλλάσσω χθών οὐ εἰμί σύ ταῦτ ̓ ἀλλά σύ τάδ ̓ ἔστ ̓ ἐκεῖ χώρα ἀλάστωρ ἐμός ἐνναίω ἀεί εἰμί δέ παῖς ὁ ἐμός ὁ ἐμός χθών λαγχάνω τοσοῦτος ἐνθνήσκω μόνος ἆρ ̓ οὐ ἀμείνων ἤ σύ ἐν Θῆβαι φρονέω πολύς γ ̓ ὅσος ἐκ σαφής κλύω Φοῖβος τε αὐτός Ζεύς ὅς ἐκεῖνος πατήρ ὁ σός δ ̓ ἀφικνέομαι δεῦρ ̓ ὑπόβλητος στόμα πολύς ἔχω στόμωσις ἐν δέ ὁ λέγω κάκ ̓ ἄν λαμβάνω ὁ πλείον ̓ ἤ σωτήριος ἀλλ ̓ οἶδα γάρ σύ οὗτος μή τείθων εἶμι ἐγώ δ ̓ εἰμί ζάω ἐνθάδ ̓ οὐ γάρ ἄν κακός οὐδ ̓ ὧδ ̓ ἔχω ζάω εἰ τέρπω
Κρέων,πότερα νομίζεις δυστυχεῖν ἔμ᾽ ἐς τὰ σά ἤ σ᾽ εἰς τὰ σαυτοῦ μᾶλλον ἐς τῷ νῦν λόγῳ,17,4679,4662,4679,πότερος νομίζω δυστυχέω ἔμ ̓ εἰς ὁ σός ἤ σ ̓ εἰς ὁ σεαυτοῦ μᾶλλον εἰς ὁ νῦν λόγος
Οἰδίπους,ἐμοὶ μέν ἐσθ᾽ ἥδιστον εἰ σὺ μήτ᾽ ἐμὲ πείθειν οἷός τ᾽ εἶ μήτε τούσδε τοὺς πέλας,16,4695,4679,4695,ἐγώ μέν ἐσθ ̓ ἡδύς εἰ σύ μήτ ̓ ἐγώ πείθω οἷος τ ̓ εἶμι μήτε ὅδε ὁ πέλας
Κρέων,ὦ δύσμορ᾽ οὐδὲ τῷ χρόνῳ φύσας φανεῖ φρένας ποτ᾽ ἀλλὰ λῦμα τῷ γήρᾳ τρέφει,14,4709,4695,4709,ὦ δύσμορ ̓ οὐδέ ὁ χρόνος φῦσα φαίνω φρήν ποτ ̓ ἀλλά λῦμα ὁ γῆρας τρέφω
Οἰδίπους,γλώσσῃ σὺ δεινός ἄνδρα δ᾽ οὐδέν᾽ οἶδ᾽ ἐγὼ δίκαιον ὅστις ἐξ ἅπαντος εὖ λέγει,14,4723,4709,4723,γλῶσσα σύ δεινός ἀνήρ δ ̓ οὐδέν ̓ οἶδ ̓ ἐγώ δίκαιος ὅστις ἐκ ἅπας εὖ λέγω
Κρέων,χωρὶς τό τ᾽ εἰπεῖν πολλὰ καὶ τὰ καίρια,8,4731,4723,4731,χωρίς ὁ τ ̓ εἶπον πολύς καί ὁ καίριος
Οἰδίπους,ὡς δὴ σὺ βραχέα ταῦτα δ᾽ ἐν καιρῷ λέγεις,9,4740,4731,4740,ὡς δή σύ βραχύς οὗτος δ ̓ ἐν καιρός λέγω
Κρέων,οὐ δῆθ᾽ ὅτῳ γε νοῦς ἴσος καὶ σοὶ πάρα,9,4749,4740,4749,οὐ δῆθ ̓ ὅστις γε νόος ἴσος καί σύ παρά
Οἰδίπους,ἄπελθ᾽ ἐρῶ γὰρ καὶ πρὸ τῶνδε μηδέ με φύλασσ᾽ ἐφορμῶν ἔνθα χρὴ ναίειν ἐμέ,14,4763,4749,4763,ἄπελθ ̓ ἐρῶ γάρ καί πρό ὅδε μηδέ ἐγώ φύλασσ ̓ ἐφορμάω ἔνθα χρή ναίω ἐγώ
Κρέων,μαρτύρομαι τούσδ᾽ οὐ σέ πρὸς δὲ τοὺς φίλους οἷ᾽ ἀνταμείβει ῥήματ᾽ ἤν σ᾽ ἕλω ποτέ,15,4778,4763,4778,μαρτύρομαι τούσδ ̓ οὐ σύ πρός δέ ὁ φίλος οἷ ̓ ἀνταμείβομαι ῥήματ ̓ ἐάν σ ̓ αἱρέω ποτέ
Οἰδίπους,τίς δ᾽ ἄν με τῶνδε συμμάχων ἕλοι βίᾳ,8,4786,4778,4786,τις δ ̓ ἀνά ἐγώ ὅδε σύμμαχος αἱρέω βία
Κρέων,ἦ μὴν σὺ κἄνευ τοῦδε λυπηθεὶς ἔσει,7,4793,4786,4793,εἰμί μήν σύ ἄνω1 ὅδε λυπηθεὶς εἰμί
Οἰδίπους,ποίῳ σὺν ἔργῳ τοῦτ᾽ ἀπειλήσας ἔχεις,6,4799,4793,4799,ποῖος σύν ἔργον τοῦτ ̓ ἀπειλέω ἔχω
Κρέων,παίδοιν δυοῖν σοι τὴν μὲν ἀρτίως ἐγὼ ξυναρπάσας ἔπεμψα τὴν δ᾽ ἄξω τάχα,13,4812,4799,4812,παῖς δύο σύ ὁ μέν ἄρτιος ἐγώ συναρπάζω πέμπω ὁ δ ̓ ἄγω τάχα
Κρέων,τάχ᾽ ἕξεις μᾶλλον οἰμώζειν τάδε,5,4817,4812,4817,τάχ ̓ ἕξις μᾶλλον οἰμώζω ὅδε
Οἰδίπους,τὴν παῖδ᾽ ἔχεις μου,4,4821,4817,4821,ὁ παῖδ ̓ ἔχω ἐγώ
Κρέων,τήνδε τ᾽ οὐ μακροῦ χρόνου,5,4826,4821,4826,ὅδε τ ̓ οὐ μακρός χρόνος
Οἰδίπους,ἰὼ ξένοι τί δράσετ᾽ ἦ προδώσετε κοὐκ ἐξελᾶτε τὸν ἀσεβῆ τῆσδε χθονός,12,4838,4826,4838,ἰώ ξένος τίς δράσετ ̓ εἰμί προδίδωμι οὐ ἐξελαύνω ὁ ἀσεβής ὅδε χθών
Χορός,χώρει ξέν᾽ ἔξω θᾶσσον οὔτε γὰρ τὰ νῦν δίκαια πράσσεις οὔθ᾽ ἃ πρόσθεν εἴργασαι,14,4852,4838,4852,χωρέω ξέν ̓ ἔξω ταχύς οὔτε γάρ ὁ νῦν δίκαιος πράσσω οὔθ ̓ ὅς πρόσθεν ἐργάζομαι
Κρέων,ὑμῖν ἂν εἴη τήνδε καιρὸς ἐξάγειν ἄκουσαν εἰ θέλουσα μὴ πορεύεται,11,4863,4852,4863,σύ ἄν εἰμί ὅδε καιρός ἐξάγω ἀκούω εἰ ἐθέλω μή πορεύω
Ἀντιγόνη,οἴμοι τάλαινα ποῖ φύγω ποίαν λάβω θεῶν ἄρηξιν ἢ βροτῶν,10,4873,4863,4873,οἴμοι τάλας ποῖ φεύγω ποῖος λαμβάνω θεός ἄρηξις ἤ βροτός
Χορός,τί δρᾷς ξένε,3,4876,4873,4876,τίς δράω ξένος
Κρέων,οὐχ ἅψομαι τοῦδ᾽ ἀνδρός ἀλλὰ τῆς ἐμῆς,7,4883,4876,4883,οὐ ἅπτω τοῦδ ̓ ἀνήρ ἀλλά ὁ ἐμός
Οἰδίπους,ὦ γῆς ἄνακτες,3,4886,4883,4886,ὦ γῆ ἄναξ
Χορός,ὦ ξέν᾽ οὐ δίκαια δρᾷς,5,4891,4886,4891,ὦ ξέν ̓ οὐ δίκαιος δράω
Χορός,πῶς δίκαια,2,4893,4891,4893,πῶς δίκαιος
Κρέων,τοὺς ἐμοὺς ἄγω,3,4896,4893,4896,ὁ ἐμός ἄγω
Οἰδίπους,ἰὼ πόλις,2,4898,4896,4898,ἰώ πόλις
Χορός,τί δρᾷς ὦ ξέν᾽ οὐκ ἀφήσεις τάχ᾽ εἰς βάσανον εἶ χερῶν,11,4909,4898,4909,τίς δράω ὦ ξέν ̓ οὐ ἀφίημι τάχ ̓ εἰς βάσανος εἶμι χείρ
Χορός,σοῦ μὲν οὔ τάδε γε μωμένου,6,4915,4909,4915,σύ μέν οὐ ὅδε γε μῶμαι
Κρέων,πόλει μαχεῖ γάρ εἴ τι πημανεῖς ἐμέ,7,4922,4915,4922,πόλις μάχομαι γάρ εἰ τις πημαίνω ἐγώ
Οἰδίπους,οὐκ ἠγόρευον ταῦτ᾽ ἐγώ,4,4926,4922,4926,οὐ ἀγορεύω ταῦτ ̓ ἐγώ
Χορός,μέθες χεροῖν τὴν παῖδα θᾶσσον,5,4931,4926,4931,μεθίημι χείρ ὁ παῖς ταχύς
Κρέων,μὴ πίτασσ᾽ ἃ μὴ κρατεῖς,5,4936,4931,4936,μή πίτασσ ̓ ὅς μή κρατέω
Χορός,χαλᾶν λέγω σοι,3,4939,4936,4939,χαλάω λέγω σύ
Κρέων,σοὶ δ᾽ ἔγωγ᾽ ὁδοιπορεῖν,4,4943,4939,4943,σύ δ ̓ ἔγωγ ̓ ὁδοιπορέω
Χορός,πρόβαθ᾽ ὧδε βᾶτε βᾶτ᾽ ἔντοποι πόλις ἐναίρεται πόλις ἐμά σθένει πρόβαθ᾽ ὧδέ μοι,13,4956,4943,4956,πρόβαθ ̓ ὧδε βαίνω βᾶτ ̓ ἔντοπος πόλις ἐναίρω πόλις ἐμός σθένος πρόβαθ ̓ ὧδε ἐγώ
Ἀντιγόνη,ἀφέλκομαι δύστηνος ὦ ξένοι ξένοι,5,4961,4956,4961,ἀφέλκω δύστηνος ὦ ξένος ξένος
Οἰδίπους,ποῦ τέκνον εἴ μοι,4,4965,4961,4965,ποῦ τέκνον εἰ ἐγώ
Ἀντιγόνη,πρὸς βίαν πορεύομαι,3,4968,4965,4968,πρός βία πορεύω
Οἰδίπους,ὄρεξον ὦ παῖ χεῖρας,4,4972,4968,4972,ὀρέγω ὦ παῖς χείρ
Ἀντιγόνη,ἀλλ᾽ οὐδὲν σθένω,3,4975,4972,4975,ἀλλ ̓ οὐδείς σθένω
Κρέων,οὐκ ἄξεθ᾽ ὑμεῖς,3,4978,4975,4978,οὐ ἄξεθ ̓ σύ
Οἰδίπους,ὦ τάλας ἐγώ τάλας,4,4982,4978,4982,ὦ τάλας ἐγώ τάλας
Κρέων,οὔκουν ποτ᾽ ἐκ τούτοιν γε μὴ σκήπτροιν ἔτι ὁδοιπορήσῃς ἀλλ᾽ ἐπεὶ νικᾶν θέλεις πατρίδα τε τὴν σὴν καὶ φίλους ὑφ᾽ ὧν ἐγὼ ταχθεὶς τάδ᾽ ἔρδω καὶ τύραννος ὢν ὅμως νίκα χρόνῳ γάρ οἶδ᾽ ἐγώ γνώσει τάδε ὁθούνεκ᾽ αὐτὸς αὑτὸν οὔτε νῦν καλὰ δρᾷς οὔτε πρόσθεν εἰργάσω βίᾳ φίλων ὀργῇ χάριν δούς ἥ σ᾽ ἀεὶ λυμαίνεται,55,5037,4982,5037,οὔκουν ποτ ̓ ἐκ οὗτος γε μή σκῆπτρον ἔτι ὁδοιπορήσῃς ἀλλ ̓ ἐπεί νικάω ἐθέλω πατρίς τε ὁ σός καί φίλος ὑφ ̓ ὅς ἐγώ τάσσω τάδ ̓ ἔρδω καί τύραννος εἰμί ὅμως νικάω χρόνος γάρ οἶδ ̓ ἐγώ γιγνώσκω ὅδε ὁθούνεκ ̓ αὐτός ἑαυτοῦ οὔτε νῦν καλός δράω οὔτε πρόσθεν ἐργάζομαι βία φίλος ὀργή χάρις δίδωμι ὅς σ ̓ ἀεί λυμαίνομαι
Χορός,ἐπίσχες αὐτοῦ ξεῖνε,3,5040,5037,5040,ἐπέχω αὐτός ξένος
Κρέων,μὴ ψαύειν λέγω,3,5043,5040,5043,μή ψαύω λέγω
Χορός,οὔτοι σ᾽ ἀφήσω τῶνδέ γ᾽ ἐστερημένος,6,5049,5043,5049,οὔτοι σ ̓ ἀφίημι ὅδε γ ̓ στερέω
Κρέων,καὶ μεῖζον ἆρα ῥύσιον πόλει τάχα θήσεις ἐφάψομαι γὰρ οὐ ταύταιν μόναιν,12,5061,5049,5061,καί μέγας ἆρα ῥυσάω πόλις τάχα τίθημι ἐφάπτω γάρ οὐ οὗτος μόνος
Χορός,ἀλλ᾽ ἐς τί τρέψει,4,5065,5061,5065,ἀλλ ̓ εἰς τίς τρέπω
Κρέων,τόνδ᾽ ἀπάξομαι λαβών,3,5068,5065,5068,τόνδ ̓ ἀπάγω λαμβάνω
Χορός,δεινὸν λέγοις ἄν,3,5071,5068,5071,δεινός λέγω ἀνά
Κρέων,τοῦτο νῦν πεπράξεται,3,5074,5071,5074,οὗτος νῦν πράσσω
Χορός,ἢν μή σ᾽ ὁ κραίνων τῆσδε γῆς ἀπειργάθῃ,8,5082,5074,5082,ἐάν μή σ ̓ ὁ κραίνω ὅδε γῆ ἀπείργαθον
Οἰδίπους,ὦ φθέγμ᾽ ἀναιδές ἦ σὺ γὰρ ψαύσεις ἐμοῦ,8,5090,5082,5090,ὦ φθέγμ ̓ ἀναιδής εἰμί σύ γάρ ψαύω ἐγώ
Κρέων,αὐδῶ σιωπᾶν,2,5092,5090,5092,αὐδάω σιωπάω
Οἰδίπους,μὴ γὰρ αἵδε δαίμονες θεῖέν μ᾽ ἄφωνον τῆσδε τῆς ἀρᾶς ἔτι ὅς μ᾽ ὦ κάκιστε ψιλὸν ὄμμ᾽ ἀποσπάσας πρὸς ὄμμασιν τοῖς πρόσθεν ἐξοίχει βίᾳ τοιγὰρ σέ τ᾽ αὐτὸν καὶ γένος τὸ σὸν θεῶν ὁ πάντα λεύσσων Ἥλιος δοίη βίον τοιοῦτον οἷον κἀμὲ γηρᾶναί ποτε,44,5136,5092,5136,μή γάρ ὅδε δαίμων θεῖέν μ ̓ ἄφωνος ὅδε ὁ ἀρή ἔτι ὅς μ ̓ ὦ κακός ψιλός ὄμμ ̓ ἀποσπάω πρός ὄμμα ὁ πρόσθεν ἐξοίχει βία τοιγάρ σύ τ ̓ αὐτός καί γένος ὁ σός θεός ὁ πᾶς λεύσσω ἥλιος δίδωμι βίος τοιοῦτος οἷος ἐγώ γηρᾶναί ποτέ
Κρέων,ὁρᾶτε ταῦτα τῆσδε γῆς ἐγχώριοι,5,5141,5136,5141,ὁράω οὗτος ὅδε γῆ ἐγχώριος
Οἰδίπους,ὁρῶσι κἀμὲ καὶ σέ καὶ φρονοῦσ᾽ ὅτι ἔργοις πεπονθὼς ῥήμασίν σ᾽ ἀμύνομαι,12,5153,5141,5153,ὁράω ἐγώ καί σύ καί φρονοῦσ ̓ ὅτι ἔργον πάσχω ῥήμασίν σ ̓ ἀμύνω
Κρέων,οὔτοι καθέξω θυμόν ἀλλ᾽ ἄξω βίᾳ κεἰ μοῦνός εἰμι τόνδε καὶ χρόνῳ βραδύς,13,5166,5153,5166,οὔτοι κατέχω θυμός ἀλλ ̓ ἄγω βία εἰ μοῦνός εἰμί ὅδε καί χρόνος βραδύς
Οἰδίπους,ἰὼ τάλας,2,5168,5166,5168,ἰώ τάλας
Χορός,ὅσον λῆμ᾽ ἔχων ἀφίκου ξέν᾽ εἰ τάδε δοκεῖς τελεῖν,9,5177,5168,5177,ὅσος λῆμ ̓ ἔχω ἀφικνέομαι ξέν ̓ εἰ ὅδε δοκέω τελέω
Χορός,τάνδ᾽ ἄρ᾽ οὐκέτι νεμῶ πόλιν,5,5182,5177,5182,τάνδ ̓ ἄρ ̓ οὐκέτι νέμω πόλις
Κρέων,τοῖς τοι δικαίοις χὠ βραχὺς νικᾷ μέγαν,7,5189,5182,5189,ὁ σύ δίκαιος ὁ βραχύς νικάω μέγας
Οἰδίπους,ἀκούεθ᾽ οἷα φθέγγεται,3,5192,5189,5192,ἀκούεθ ̓ οἷος φθέγγομαι
Χορός,τά γ᾽ οὐ τελεῖ ἴστω μέγας Ζεύς,7,5199,5192,5199,ὁ γ ̓ οὐ τελέω οἶδα μέγας Ζεύς
Κρέων,Ζεύς γ᾽ ἂν εἰδείη σὺ δ᾽ οὔ,7,5206,5199,5206,Ζεύς γ ̓ ἄν οἶδα σύ δ ̓ οὐ
Χορός,ἆρ᾽ οὐχ ὕβρις τάδ᾽,4,5210,5206,5210,ἆρ ̓ οὐ ὕβρις τάδ ̓
Κρέων,ὕβρις ἀλλ᾽ ἀνεκτέα,3,5213,5210,5213,ὕβρις ἀλλ ̓ ἀνεκτέον
Χορός,ἰὼ πᾶς λεώς ἰὼ γᾶς πρόμοι μόλετε σὺν τάχει μόλετ᾽ ἐπεὶ πέραν περῶσ᾽ οἵδε δή,15,5228,5213,5228,ἰώ πᾶς λαός ἰώ γῆ πρόμος βλώσκω σύν τάχος μόλετ ̓ ἐπεί πέραν περῶσ ̓ ὅδε δή
Οἰδίπους,τίς ποθ᾽ ἡ βοή τί τοὔργον ἐκ τίνος φόβου ποτὲ βουθυτοῦντά μ᾽ ἀμφὶ βωμὸν ἔσχετ᾽ ἐναλίῳ θεῷ τοῦδ᾽ ἐπιστάτῃ Κολωνοῦ λέξαθ᾽ ὡς εἰδῶ τὸ πᾶν οὗ χάριν δεῦρ᾽ ᾖξα θᾶσσον ἢ καθ᾽ ἡδονὴν ποδός,34,5262,5228,5262,τις ποθ ̓ ὁ βοή τίς ἔργον ἐκ τίς φόβος ποτέ βουθυτοῦντά μ ̓ ἀμφί βωμός ἔσχετ ̓ ἐνάλιος θεός τοῦδ ̓ ἐπιστάτης Κολωνοῦ λέξαθ ̓ ὡς οἶδα ὁ πᾶς ἵημι χάρις δεῦρ ̓ ἀίσσω ταχύς ἤ καθ ̓ ἡδονή πούς
Οἰδίπους,ὦ φίλτατ᾽ ἔγνων γὰρ τὸ προσφώνημά σου πέπονθα δεινὰ τοῦδ᾽ ὑπ᾽ ἀνδρὸς ἀρτίως,13,5275,5262,5275,ὦ φίλτατ ̓ γιγνώσκω γάρ ὁ προσφώνημά σύ πάσχω δεινός τοῦδ ̓ ὑπ ̓ ἀνήρ ἄρτιος
Θησεύς,τὰ ποῖα ταῦτα τίς δ᾽ ὁ πημήνας λέγε,8,5283,5275,5283,ὁ ποῖος οὗτος τις δ ̓ ὁ πημαίνω λέγω
Οἰδίπους,Κρέων ὅδ᾽ ὃν δέδορκας οἴχεται τέκνων ἀποσπάσας μου τὴν μόνην ξυνωρίδα,11,5294,5283,5294,Κρέων ὅδ ̓ ὅς δέρκομαι οἴχομαι τέκνον ἀποσπάω ἐγώ ὁ μόνος ξυνωρίς
Θησεύς,πῶς εἶπας,2,5296,5294,5296,πῶς εἶπον
Οἰδίπους,οἷά περ πέπονθ᾽ ἀκήκοας,4,5300,5296,5300,οἷος περί πέπονθ ̓ ἀκούω
Θησεύς,οὔκουν τις ὡς τάχιστα προσπόλων μολὼν πρὸς τούσδε βωμούς πάντ᾽ ἀναγκάσει λεὼν ἄνιππον ἱππότην τε θυμάτων ἄπο σπεύδειν ἀπὸ ῥυτῆρος ἔνθα δίστομοι μάλιστα συμβάλλουσιν ἐμπόρων ὁδοί ὡς μὴ παρέλθωσ᾽ αἱ κόραι γέλως δ᾽ ἐγὼ ξένῳ γένωμαι τῷδε χειρωθεὶς βίᾳ ἴθ᾽ ὡς ἄνωγα σὺν τάχει τοῦτον δ᾽ ἐγώ εἰ μὲν δι᾽ ὀργῆς ἧκον ἧς ὅδ᾽ ἄξιος ἄτρωτον οὐ μεθῆκ᾽ ἂν ἐξ ἐμῆς χερός νῦν δ᾽ οὕσπερ αὐτὸς τοὺς νόμους εἰσῆλθ᾽ ἔχων τούτοισι κοὐκ ἄλλοισιν ἁρμοσθήσεται οὐ γάρ ποτ᾽ ἔξει τῆσδε τῆς χώρας πρὶν ἂν κείνας ἐναργεῖς δεῦρό μοι στήσῃς ἄγων ἐπεὶ δέδρακας οὔτ᾽ ἐμοῦ καταξίως οὔθ᾽ ὧν πέφυκας αὐτὸς οὔτε σῆς χθονός ὅστις δίκαι᾽ ἀσκοῦσαν εἰσελθὼν πόλιν κἄνευ νόμου κραίνουσαν οὐδέν εἶτ᾽ ἀφεὶς τὰ τῆσδε τῆς γῆς κύρι᾽ ὧδ᾽ ἐπεισπεσὼν ἄγεις θ᾽ ἃ χρῄζεις καὶ παρίστασαι βίᾳ καί μοι πόλιν κένανδρον ἢ δούλην τινὰ ἔδοξας εἶναι κἄμ᾽ ἴσον τῷ μηδενί καίτοι σε Θῆβαί γ᾽ οὐκ ἐπαίδευσαν κακόν οὐ γὰρ φιλοῦσιν ἄνδρας ἐκδίκους τρέφειν οὐδ᾽ ἄν σ᾽ ἐπαινέσειαν εἰ πυθοίατο συλῶντα τἀμὰ καὶ τὰ τῶν θεῶν βίᾳ ἄγοντα φωτῶν ἀθλίων ἱκτήρια οὔκουν ἔγωγ᾽ ἂν σῆς ἐπεμβαίνων χθονός οὐδ᾽ εἰ τὰ πάντων εἶχον ἐνδικώτατα ἄνευ γε τοῦ κραίνοντος ὅστις ἦν χθονὸς οὔθ᾽ εἷλκον οὔτ᾽ ἂν ἦγον ἀλλ᾽ ἠπιστάμην ξένον παρ᾽ ἀστοῖς ὡς διαιτᾶσθαι χρεών σὺ δ᾽ ἀξίαν οὐκ οὖσαν αἰσχύνεις πόλιν τὴν αὐτὸς αὑτοῦ καί σ᾽ ὁ πληθύων χρόνος γέρονθ᾽ ὁμοῦ τίθησι καὶ τοῦ νοῦ κενόν εἶπον μὲν οὖν καὶ πρόσθεν ἐννέπω δὲ νῦν τὰς παῖδας ὡς τάχιστα δεῦρ᾽ ἄγειν τινά εἰ μὴ μέτοικος τῆσδε τῆς χώρας θέλεις εἶναι βίᾳ τε κοὐχ ἑκών καὶ ταῦτά σοι τῷ νῷ θ᾽ ὁμοίως κἀπὸ τῆς γλώσσης λέγω,261,5561,5300,5561,οὔκουν τις ὡς ταχύς πρόσπολος βλώσκω πρός ὅδε βωμός πάντ ̓ ἀναγκάζω λαός ἄνιππος ἱππότης τε θῦμα ἀπό σπεύδω ἀπό ῥυτήρ ἔνθα δίστομος μάλιστα συμβάλλω ἔμπορος ὁδόω ὡς μή παρέλθωσ ̓ ὁ κόρη γέλως δ ̓ ἐγώ ξένος γίγνομαι ὅδε χειρόω βία ἴθ ̓ ὡς ἄνωγα σύν τάχος οὗτος δ ̓ ἐγώ εἰ μέν δι ̓ ὀργή ἥκω ὅς ὅδ ̓ ἄξιος ἄτρωτος οὐ μεθῆκ ̓ ἄν ἐκ ἐμός χείρ νῦν δ ̓ ὅς αὐτός ὁ νόμος εἰσῆλθ ̓ ἔχω οὗτος οὐ ἄλλος ἁρμόζω οὐ γάρ ποτ ̓ ξέω ὅδε ὁ χώρα πρίν ἄν ἐκεῖνος ἐναργής δεῦρο ἐγώ ἵστημι ἄγω ἐπεί δράω οὔτ ̓ ἐγώ κατάξιος οὔθ ̓ ὅς φύω αὐτός οὔτε σός χθών ὅστις δίκαι ̓ ἀσκέω εἰσέρχομαι πόλις ἄνω1 νόμος κραίνω οὐδείς εἶτ ̓ ἀφίημι ὁ ὅδε ὁ γῆ κύρι ̓ ὧδ ̓ ἐπεισπεσὼν ἄγω θ ̓ ὅς χρῄζω καί παρίστημι βία καί ἐγώ πόλις κένανδρος ἤ δούλη τις δοκέω εἰμί κἄμ ̓ ἴσος ὁ μηδείς καίτοι σύ Θῆβαί γ ̓ οὐ παιδεύω κακός οὐ γάρ φιλέω ἀνήρ ἔκδικος τρέφω οὐδ ̓ ἀνά σ ̓ ἐπαινέω εἰ πυνθάνομαι συλάω ἐμός καί ὁ ὁ θεός βία ἄγω φώς ἄθλιος ἱκετήριος οὔκουν ἔγωγ ̓ ἄν σός ἐπεμβαίνω χθών οὐδ ̓ εἰ ὁ πᾶς ἔχω ἔνδικος ἄνευ γε ὁ κραίνω ὅστις εἰμί χθών οὔθ ̓ ἕλκω οὔτ ̓ ἄν ἄγω ἀλλ ̓ ἐπίσταμαι ξένος παρ ̓ ἀστός ὡς διαιτάω χρεών σύ δ ̓ ἄξιος οὐ εἰμί αἰσχύνω πόλις ὁ αὐτός ἑαυτοῦ καί σ ̓ ὁ πληθύω χρόνος γέρονθ ̓ ὁμοῦ τίθημι καί ὁ νόος κενός εἶπον μέν οὖν καί πρόσθεν ἐνέπω δέ νῦν ὁ παῖς ὡς ταχύς δεῦρ ̓ ἄγω τις εἰ μή μέτοικος ὅδε ὁ χώρα ἐθέλω εἰμί βία τε οὐ ἑκών καί οὗτος σύ ὁ νόος θ ̓ ὅμοιος ἀπό ὁ γλῶσσα λέγω
Χορός,ὁρᾷς ἵν᾽ ἥκεις ὦ ξέν᾽ ὡς ἀφ᾽ ὧν μὲν εἶ φαίνει δίκαιος δρῶν δ᾽ ἐφευρίσκει κακά,16,5577,5561,5577,ὁράω ἵν ̓ ἥκω ὦ ξέν ̓ ὡς ἀφ ̓ ὅς μέν εἶμι φαίνω δίκαιος δράω δ ̓ ἐφευρίσκω κακός
Κρέων,ἐγὼ οὔτ᾽ ἄνανδρον τήνδε τὴν πόλιν νέμων ὦ τέκνον Αἰγέως οὔτ᾽ ἄβουλον ὡς σὺ φῄς τοὔργον τόδ᾽ ἐξέπραξα γιγνώσκων δ᾽ ὅτι οὐδείς ποτ᾽ αὐτοὺς τῶν ἐμῶν ἂν ἐμπέσοι ζῆλος ξυναίμων ὥστ᾽ ἐμοῦ τρέφειν βίᾳ ᾔδη δ᾽ ὁθούνεκ᾽ ἄνδρα καὶ πατροκτόνον κἄναγνον οὐ δεξοίατ᾽ οὐδ᾽ ὅτῳ γάμοι ξυνόντες ηὑρέθησαν ἀνόσιοι τέκνων τοιοῦτον αὐτοῖς Ἄρεος εὔβουλον πάγον ἐγὼ ξυνῄδη χθόνιον ὄνθ᾽ ὃς οὐκ ἐᾷ τοιούσδ᾽ ἀλήτας τῇδ᾽ ὁμοῦ ναίειν πόλει ᾧ πίστιν ἴσχων τήνδ᾽ ἐχειρούμην ἄγραν καὶ ταῦτ᾽ ἂν οὐκ ἔπρασσον εἰ μή μοι πικρὰς αὐτῷ τ᾽ ἀρὰς ἠρᾶτο καὶ τὠμῷ γένει ἀνθ᾽ ὧν πεπονθὼς ἠξίουν τάδ᾽ ἀντιδρᾶν θυμοῦ γὰρ οὐδὲν γῆράς ἐστιν ἄλλο πλὴν θανεῖν θανόντων δ᾽ οὐδὲν ἄλγος ἅπτεται πρὸς ταῦτα πράξεις οἷον ἂν θέλῃς ἐπεὶ ἐρημία με κεἰ δίκαι᾽ ὅμως λέγω σμικρὸν τίθησι πρὸς δὲ τὰς πράξεις ὅμως καὶ τηλικόσδ᾽ ὤν ἀντιδρᾶν πειράσομαι,134,5711,5577,5711,ἐγώ οὔτ ̓ ἄνανδρος ὅδε ὁ πόλις νέμω ὦ τέκνον Αἰγέως οὔτ ̓ ἄβουλος ὡς σύ φημί ἔργον τόδ ̓ ἐκπράσσω γιγνώσκω δ ̓ ὅτι οὐδείς ποτ ̓ αὐτός ὁ ἐμός ἄν ἐμπίτνω ζῆλος σύναιμος ὥστ ̓ ἐγώ τρέφω βία οἶδα δ ̓ ὁθούνεκ ̓ ἀνήρ καί πατροκτόνος ἄναγνος οὐ δεξοίατ ̓ οὐδ ̓ ὅστις γάμος σύνειμι1 εὑρίσκω ἀνόσιος τέκνον τοιοῦτος αὐτός Ἄρης εὔβουλος πάγος ἐγώ σύνοιδα χθόνιος ὄνθ ̓ ὅς οὐ ἐάω τοιούσδ ̓ ἀλήτης τῇδ ̓ ὁμοῦ ναίω πόλις ὅς πίστις ἴσχω τήνδ ̓ χειρόω ἄγρα καί ταῦτ ̓ ἄν οὐ πράσσω εἰ μή ἐγώ πικρός αὐτός τ ̓ ἀρά ἀράομαι καί ἐμός γένος ἀνθ ̓ ὅς πάσχω ἀξιόω τάδ ̓ ἀντιδράω θυμός γάρ οὐδείς γῆρας εἰμί ἄλλος πλήν θνήσκω θνήσκω δ ̓ οὐδείς ἄλγος ἅπτω πρός οὗτος πρᾶξις οἷος ἄν ἐθέλω ἐπεί ἐρημία ἐγώ εἰ δίκαι ̓ ὅμως λέγω σμικρός τίθημι πρός δέ ὁ πρᾶξις ὅμως καί τηλικόσδ ̓ εἰμί ἀντιδράω πειράω
Οἰδίπους,ὦ λῆμ᾽ ἀναιδές τοῦ καθυβρίζειν δοκεῖς πότερον ἐμοῦ γέροντος ἢ σαυτοῦ τόδε ὅστις φόνους μοι καὶ γάμους καὶ συμφορὰς τοῦ σοῦ διῆκας στόματος ἃς ἐγὼ τάλας ἤνεγκον ἄκων θεοῖς γὰρ ἦν οὕτω φίλον τάχ᾽ ἄν τι μηνίουσιν εἰς γένος πάλαι ἐπεὶ καθ᾽ αὑτόν γ᾽ οὐκ ἂν ἐξεύροις ἐμοὶ ἁμαρτίας ὄνειδος οὐδέν ἀνθ᾽ ὅτου τάδ᾽ εἰς ἐμαυτὸν τοὺς ἐμούς θ᾽ ἡμάρτανον ἐπεὶ δίδαξον εἴ τι θέσφατον πατρὶ χρησμοῖσιν ἱκνεῖθ᾽ ὥστε πρὸς παίδων θανεῖν πῶς ἂν δικαίως τοῦτ᾽ ὀνειδίζοις ἐμοί ὃς οὔτε βλάστας πω γενεθλίους πατρός οὐ μητρὸς εἶχον ἀλλ᾽ ἀγέννητος τότ᾽ ἦ εἰ δ᾽ αὖ φανεὶς δύστηνος ὡς ἐγὼ φάνην ἐς χεῖρας ἦλθον πατρὶ καὶ κατέκτανον μηδὲν ξυνιεὶς ὧν ἔδρων εἰς οὕς τ᾽ ἔδρων πῶς ἂν τό γ᾽ ἆκον πρᾶγμ᾽ ἂν εἰκότως ψέγοις μητρὸς δέ τλῆμον οὐκ ἐπαισχύνει γάμους οὔσης ὁμαίμου σῆς μ᾽ ἀναγκάζων λέγειν οἵους ἐρῶ τάχ᾽ οὐ γὰρ οὖν σιγήσομαι σοῦ γ᾽ εἰς τόδ᾽ ἐξελθόντος ἀνόσιον στόμα ἔτικτε γάρ μ᾽ ἔτικτεν ὤμοι μοι κακῶν οὐκ εἰδότ᾽ οὐκ εἰδυῖα καὶ τεκοῦσά με αὑτῆς ὄνειδος παῖδας ἐξέφυσέ μοι ἀλλ᾽ ἓν γὰρ οὖν ἔξοιδα σὲ μὲν ἑκόντ᾽ ἐμὲ κείνην τε ταῦτα δυσστομεῖν ἐγὼ δέ νιν ἄκων ἔγημα φθέγγομαί τ᾽ ἄκων τάδε ἀλλ᾽ οὐ γὰρ οὔτ᾽ ἐν τοῖσδ᾽ ἁλώσομαι κακὸς γάμοισιν οὔθ᾽ οὓς αἰὲν ἐμφορεῖς σύ μοι φόνους πατρῴους ἐξονειδίζων πικρῶς ἓν γάρ μ᾽ ἄμειψαι μοῦνον ὧν σ᾽ ἀνιστορῶ εἴ τις σὲ τὸν δίκαιον αὐτίκ᾽ ἐνθάδε κτείνοι παραστάς πότερα πυνθάνοι᾽ ἂν εἰ πατήρ σ᾽ ὁ καίνων ἢ τίνοι᾽ ἂν εὐθέως δοκῶ μέν εἴπερ ζῆν φιλεῖς τὸν αἴτιον τίνοι᾽ ἂν οὐδὲ τοὔνδικον περιβλέποις τοιαῦτα μέντοι καὐτὸς εἰσέβην κακά θεῶν ἀγόντων οἷς ἐγὼ οὐδὲ τὴν πατρὸς ψυχὴν ἂν οἶμαι ζῶσαν ἀντειπεῖν ἐμοί σὺ δ᾽ εἶ γὰρ οὐ δίκαιος ἀλλ᾽ ἅπαν καλὸν λέγειν νομίζων ῥητὸν ἄρρητόν τ᾽ ἔπος τοιαῦτ᾽ ὀνειδίζεις με τῶνδ᾽ ἐναντίον καί σοι τὸ Θησέως ὄνομα θωπεῦσαι καλόν καὶ τὰς Ἀθήνας ὡς κατῴκηνται καλῶς κᾆθ᾽ ὧδ᾽ ἐπαινῶν πολλὰ τοῦδ᾽ ἐκλανθάνει ὁθούνεκ᾽ εἴ τις γῆ θεοὺς ἐπίσταται τιμαῖς σεβίζειν ἥδε τοῦθ᾽ ὑπερφέρει ἀφ᾽ ἧς σὺ κλέψας τὸν ἱκέτην γέροντ᾽ ἐμὲ αὐτόν τ᾽ ἐχειροῦ τὰς κόρας τ᾽ οἴχει λαβών ἀνθ᾽ ὧν ἐγὼ νῦν τάσδε τὰς θεὰς ἐμοὶ καλῶν ἱκνοῦμαι καὶ κατασκήπτω λιταῖς ἐλθεῖν ἀρωγοὺς ξυμμάχους θ᾽ ἵν᾽ ἐκμάθῃς οἵων ὑπ᾽ ἀνδρῶν ἥδε φρουρεῖται πόλις,358,6069,5711,6069,ὦ λῆμ ̓ ἀναιδής ὁ καθυβρίζω δοκέω πότερος ἐγώ γέρων ἤ σεαυτοῦ ὅδε ὅστις φόνος ἐγώ καί γάμος καί συμφορά ὁ σύ διίημι στόμα ὅς ἐγώ τάλας φέρω ἄκων θεός γάρ εἰμί οὕτως φίλος τάχ ̓ ἀνά τις μηνίω εἰς γένος πάλαι ἐπεί καθ ̓ ἑαυτοῦ γ ̓ οὐ ἄν ἐξευρίσκω ἐγώ ἁμαρτία ὄνειδος οὐδείς ἀνθ ̓ ὅστις τάδ ̓ εἰς ἐμαυτοῦ ὁ ἐμός θ ̓ ἁμαρτάνω ἐπεί διδάσκω εἰ τις θέσφατος πατήρ χρησμός ἱκνεῖθ ̓ ὥστε πρός παῖς θνήσκω πῶς ἄν δίκαιος τοῦτ ̓ ὀνειδίζω ἐγώ ὅς οὔτε βλάστη πω γενέθλιος πατήρ οὐ μήτηρ ἔχω ἀλλ ̓ ἀγέννητος τότ ̓ εἰμί εἰ δ ̓ αὖ φαίνω δύστηνος ὡς ἐγώ φαίνω εἰς χείρ ἔρχομαι πατήρ καί κατακτείνω μηδείς ξυνιεὶς ὅς δράω εἰς ὅς τ ̓ δράω πῶς ἄν ὁ γ ̓ ἀέκων πρᾶγμ ̓ ἄν εἰκότως ψέγω μήτηρ δέ τλήμων οὐ ἐπαισχύνομαι γάμος εἰμί ὅμαιμος σός μ ̓ ἀναγκάζω λέγω οἷος ἐρῶ τάχ ̓ οὐ γάρ οὖν σιγάω σύ γ ̓ εἰς τόδ ̓ ἐξέρχομαι ἀνόσιος στόμα τίκτω γάρ μ ̓ τίκτω ὤμοι ἐγώ κακός οὐ εἰδότ ̓ οὐ οἶδα καί τίκτω ἐγώ ἑαυτοῦ ὄνειδος παῖς ἐκφύω ἐγώ ἀλλ ̓ εἷς γάρ οὖν ἔξοιδα σύ μέν ἑκόντ ̓ ἐγώ ἐκεῖνος τε οὗτος δυστομέω ἐγώ δέ νιν ἄκων γαμέω φθέγγομαί τ ̓ ἄκων ὅδε ἀλλ ̓ οὐ γάρ οὔτ ̓ ἐν τοῖσδ ̓ ἁλίσκομαι κακός γάμος οὔθ ̓ ὅς ἀεί ἐμφορέω σύ ἐγώ φόνος πατρῷος ἐξονειδίζω πικρός εἷς γάρ μ ̓ ἀμείβω μόνος ὅς σ ̓ ἀνιστορέω εἰ τις σύ ὁ δίκαιος αὐτίκ ̓ ἐνθάδε κτείνω παρίστημι πότερος πυνθάνοι ̓ ἄν εἰ πατήρ σ ̓ ὁ καίνω ἤ τίνοι ̓ ἄν εὐθύς δοκέω μέν εἴπερ ζάω φιλέω ὁ αἴτιος τίνοι ̓ ἄν οὐδέ ἔνδικος περιβλέπω τοιοῦτος μέντοι αὐτός εἰσβαίνω κακός θεός ἄγω ὅς ἐγώ οὐδέ ὁ πατήρ ψυχή ἄν οἴομαι ζάω ἀντεῖπον ἐγώ σύ δ ̓ εἶμι γάρ οὐ δίκαιος ἀλλ ̓ ἅπας καλός λέγω νομίζω ῥητός ἄρρητος τ ̓ ἔπος τοιαῦτ ̓ ὀνειδίζω ἐγώ τῶνδ ̓ ἐναντίον καί σύ ὁ Θησεύς ὄνομα θωπεύω καλός καί ὁ Ἀθῆναι ὡς κατοικέω καλός κᾆθ ̓ ὧδ ̓ ἐπαινέω πολύς τοῦδ ̓ ἐκλανθάνω ὁθούνεκ ̓ εἰ τις γῆ θεός ἐπίσταμαι τιμή σεβίζω ὅδε τοῦθ ̓ ὑπερφέρω ἀφ ̓ ὅς σύ κλέπτω ὁ ἱκέτης γέροντ ̓ ἐγώ αὐτός τ ̓ χειρόω ὁ κόρη τ ̓ οἴχομαι λαμβάνω ἀνθ ̓ ὅς ἐγώ νῦν ὅδε ὁ θεά ἐγώ καλός ἱκνέομαι καί κατασκήπτω λιτή ἔρχομαι ἀρωγός σύμμαχος θ ̓ ἵν ̓ ἐκμανθάνω οἷος ὑπ ̓ ἀνήρ ὅδε φρουρέω πόλις
Χορός,ὁ ξεῖνος ὦναξ χρηστός αἱ δὲ συμφοραὶ αὐτοῦ πανώλεις ἄξιαι δ᾽ ἀμυναθεῖν,12,6081,6069,6081,ὁ ξένος ἄναξ χρηστός ὁ δέ συμφορά αὐτός πανώλης ἄξιος δ ̓ ἀμυνάθω
Θησεύς,ἅλις λόγων ὡς οἱ μὲν ἐξειργασμένοι σπεύδουσιν ἡμεῖς δ᾽ οἱ παθόντες ἕσταμεν,12,6093,6081,6093,ἅλις λόγος ὡς ὁ μέν ἐξεργάζομαι σπεύδω ἐγώ δ ̓ ὁ πάσχω ἵστημι
Κρέων,τί δῆτ᾽ ἀμαυρῷ φωτὶ προστάσσεις ποεῖν,6,6099,6093,6099,τίς δῆτ ̓ ἀμαυρός φώς προστάσσω ποιέω
Θησεύς,ὁδοῦ κατάρχειν τῆς ἐκεῖ πομπὸν δέ με χωρεῖν ἵν᾽ εἰ μὲν ἐν τόποισι τοῖσδ᾽ ἔχεις τὰς παῖδας ἡμῖν αὐτὸς ἐκδείξῃς ἐμοί εἰ δ᾽ ἐγκρατεῖς φεύγουσιν οὐδὲν δεῖ πονεῖν ἄλλοι γὰρ οἱ σπεύδοντες οὓς οὐ μή ποτε χώρας φυγόντες τῆσδ᾽ ἐπεύξωνται θεοῖς ἀλλ᾽ ἐξυφηγοῦ γνῶθι δ᾽ ὡς ἔχων ἔχει καί σ᾽ εἷλε θηρῶνθ᾽ ἡ τύχη τὰ γὰρ δόλῳ τῷ μὴ δικαίῳ κτήματ᾽ οὐχὶ σῴζεται κοὐκ ἄλλον ἕξεις εἰς τάδ᾽ ὡς ἔξοιδά σε οὐ ψιλὸν οὐδ᾽ ἄσκευον ἐς τοσήνδ᾽ ὕβριν ἥκοντα τόλμης τῆς παρεστώσης τανῦν ἀλλ᾽ ἔσθ᾽ ὅτῳ σὺ πιστὸς ὢν ἔδρας τάδε ἃ δεῖ μ᾽ ἀθρῆσαι μηδὲ τήνδε τὴν πόλιν ἑνὸς ποῆσαι φωτὸς ἀσθενεστέραν νοεῖς τι τούτων ἢ μάτην τὰ νῦν τέ σοι δοκεῖ λελέχθαι χὤτε ταῦτ᾽ ἐμηχανῶ,117,6216,6099,6216,ὁδός κατάρχω ὁ ἐκεῖ πομπός δέ ἐγώ χωρέω ἵν ̓ εἰ μέν ἐν τόπος τοῖσδ ̓ ἔχω ὁ παῖς ἐγώ αὐτός ἐκδείκνυμι ἐγώ εἰ δ ̓ ἐγκρατής φεύγω οὐδείς δεῖ πονέω ἄλλος γάρ ὁ σπεύδω ὅς οὐ μή ποτέ χώρα φεύγω τῆσδ ̓ ἐπεύχομαι θεός ἀλλ ̓ ἐξυφηγέομαι γιγνώσκω δ ̓ ὡς ἔχω ἔχω καί σ ̓ αἱρέω θηρῶνθ ̓ ὁ τύχη ὁ γάρ δόλος ὁ μή δίκαιος κτήματ ̓ οὐ σώζω οὐ ἄλλος ἕξις εἰς τάδ ̓ ὡς ἔξοιδά σύ οὐ ψιλός οὐδ ̓ ἄσκευος εἰς τοσήνδ ̓ ὕβρις ἥκω τόλμα ὁ παρίστημι τανῦν ἀλλ ̓ ἔσθ ̓ ὅστις σύ πιστός εἰμί δράω ὅδε ὅς δεῖ μ ̓ ἀθρέω μηδέ ὅδε ὁ πόλις εἷς ποιέω φώς ἀσθενής νοέω τις οὗτος ἤ μάτην ὁ νῦν τε σύ δοκέω λέγω3 ὅτε ταῦτ ̓ μηχανάομαι
Κρέων,οὐδὲν σὺ μεμπτὸν ἐνθάδ᾽ ὢν ἐρεῖς ἐμοί οἴκοι δὲ χἠμεῖς εἰσόμεσθ᾽ ἃ χρὴ ποεῖν,14,6230,6216,6230,οὐδείς σύ μεμπτὸν ἐνθάδ ̓ εἰμί ἐρῶ ἐγώ οἴκοι δέ ἐγώ εἰσόμεσθ ̓ ὅς χρή ποιέω
Θησεύς,χωρῶν ἀπείλει νῦν σὺ δ᾽ ἡμίν Οἰδίπους ἕκηλος αὐτοῦ μίμνε πιστωθεὶς ὅτι ἢν μὴ θάνω γὼ πρόσθεν οὐχὶ παύσομαι πρὶν ἄν σε τῶν σῶν κύριον στήσω τέκνων,27,6257,6230,6257,χωρέω ἀπειλέω νῦν σύ δ ̓ ἐγώ Οἰδίπους ἕκηλος αὐτός μίμνω πιστωθεὶς ὅτι ἐάν μή θνήσκω ἐγώ πρόσθεν οὐ παύω πρίν ἀνά σύ ὁ σός κύριος ἵστημι τέκνον
Οἰδίπους,ὄναιο Θησεῦ τοῦ τε γενναίου χάριν καὶ τῆς πρὸς ἡμᾶς ἐνδίκου προμηθίας,12,6269,6257,6269,ὀνίνημι Θησεῦ ὁ τε γενναῖος χάρις καί ὁ πρός ἐγώ ἔνδικος προμήθεια
Χορός,εἴην ὅθι δαΐων ἀνδρῶν τάχ᾽ ἐπιστροφαὶ τὸν χαλκοβόαν Ἄρη μείξουσιν ἢ πρὸς Πυθίαις ἢ λαμπάσιν ἀκταῖς οὗ πότνιαι σεμνὰ τιθηνοῦνται τέλη θνατοῖσιν ὧν καὶ χρυσέα κλῂς ἐπὶ γλώσσᾳ βέβακε προσπόλων Εὐμολπιδᾶν ἔνθ᾽ οἶμαι τὸν ἐγρεμάχαν Θησέα καὶ τὰς διστόλους ἀδμῆτας ἀδελφὰς αὐτάρκει τάχ᾽ ἐμμίξειν βοᾷ τούσδ᾽ ἀνὰ χώρους,48,6317,6269,6317,εἰμί ὅθι δάιος ἀνήρ τάχ ̓ ἐπιστροφαὶ ὁ χαλκοβόας Ἄρης μίγνυμι ἤ πρός Πυθίαις ἤ λαμπάς ἀκτή ἵημι πότνια σεμνὰ τιθηνέομαι τέλος θνητός ὅς καί χρύσεος κλῂς ἐπί γλῶσσα βαίνω πρόσπολος Εὐμολπιδᾶν ἔνθ ̓ οἴομαι ὁ ἐγρεμάχης Θησεύς καί ὁ δίστολος ἀδμής ἀδελφὰς αὐτάρκης τάχ ̓ ἐμμίξειν βοάω τούσδ ̓ ἀνά χῶρος
Χορός,ἤ που τὸν ἐφεσπέρου πέτρας νιφάδος πελῶσ᾽ Οἰάτιδος εἰς νόμον πώλοισιν ἢ ῥιμφαρμάτοις φεύγοντες ἁμίλλαις ἁλώσεται δεινὸς ὁ προσχώρων Ἄρης δεινὰ δὲ Θησειδᾶν ἀκμά πᾶς γὰρ ἀστράπτει χαλινός πᾶσα δ᾽ ὁρμᾶται καθεῖσ᾽ ἀμπυκτήρια στομίων ἄμβασις οἳ τὰν ἱππίαν τιμῶσιν Ἀθάναν καὶ τὸν πόντιον γαιάοχον Ῥέας φίλον υἱόν,47,6364,6317,6364,ἤ πού ὁ ἐφεσπέρου πέτρα νιφάς πελῶσ ̓ Οἰάτιδος εἰς νόμος πῶλος ἤ ῥιμφάρματος φεύγω ἅμιλλα ἁλίσκομαι δεινός ὁ πρόσχωρος Ἄρης δεινός δέ Θησειδᾶν ἀκμή πᾶς γάρ ἀστράπτω χαλινός πᾶς δ ̓ ὁρμάω καθεῖσ ̓ ἀμπυκτήρ στόμιον ἄμβασις ὁ ὁ ἵππιος τιμάω Ἀθάναν καί ὁ πόντιος γαιήοχος Ῥέα φίλος υἱός
Χορός,ἔρδουσ᾽ ἢ μέλλουσιν ὡς προμνᾶταί τί μοι γνώμα τάχ᾽ ἀντάσειν τᾶν δεινὰ τλασᾶν δεινὰ δ᾽ εὑρουσᾶν πρὸς αὐθαίμων πάθη τελεῖ τελεῖ Ζεύς τι κατ᾽ ἆμαρ μάντις εἴμ᾽ ἐσθλῶν ἀγώνων εἴθ᾽ ἀελλαία ταχύρρωστος πελειὰς αἰθερίας νεφέλας κύρσαιμ᾽ ἄνωθ᾽ ἀγώνων αἰωρήσασα τοὐμὸν ὄμμα,41,6405,6364,6405,ἔρδουσ ̓ ἤ μέλλω ὡς προμνᾶταί τίς ἐγώ γνώμη τάχ ̓ ἀντάσειν ὁ δεινός τλάω δεινός δ ̓ εὑρίσκω πρός αὐθαίμων πάθος τελέω τελέω Ζεύς τις κατ ̓ ἦμαρ μάντις εἴμ ̓ ἐσθλός ἀγών εἴθ ̓ ἀελλαῖος ταχύρρωστος πελειὰς αἰθέριος νεφέλη κύρσαιμ ̓ ἄνωθ ̓ ἀγών αἰωρήσασα ἐμός ὄμμα
Χορός,ἰὼ θεῶν πάνταρχε παντ- όπτα Ζεῦ πόροις γᾶς τᾶσδε δαμούχοις σθένει πινικείῳ τὸν εὔαγρον τελειῶσαι λόχον σεμνά τε παῖς Παλλὰς Ἀθάνα καὶ τὸν ἀγρευτὰν Ἀπόλλω καὶ κασιγνήταν πυκνοστίκτων ὀπαδὸν ὠκυπόδων ἐλάφων στέργω διπλᾶς ἀρωγὰς μολεῖν γᾷ τᾷδε καὶ πολίταις ὦ ξεῖν᾽ ἀλῆτα τῷ σκοπῷ μὲν οὐκ ἐρεῖς ὡς ψευδόμαντις τὰς κόρας γὰρ εἰσορῶ τάσδ᾽ ἆσσον αὖθις ὧδε προσπολουμένας,58,6463,6405,6463,ἰώ θεός πάνταρχος παντ- όπτα Ζεύς πόρος γῆ ὅδε δημοῦχος σθένος πινικείῳ ὁ εὔαγρος τελειόω λόχος σεμνόν τε παῖς Παλλάς Ἀθήνη καί ὁ ἀγρευτὰν Ἀπόλλων καί κασιγνήτη πυκνόστικτος ὀπαδὸν ὠκύπους ἔλαφος στέργω διπλόος ἀρωγή βλώσκω γῆ ὅδε καί πολίτης ὦ ξεῖν ̓ ἀλήτης ὁ σκοπάω μέν οὐ ἐρῶ ὡς ψευδόμαντις ὁ κόρη γάρ εἰσοράω τάσδ ̓ ἆσσον αὖθις ὧδε προσπολέω
Οἰδίπους,ποῦ ποῦ τί φής πῶς εἶπας,6,6469,6463,6469,ποῦ ποῦ τίς φημί πῶς εἶπον
Ἀντιγόνη,ὦ πάτερ πάτερ τίς ἂν θεῶν σοι τόνδ᾽ ἄριστον ἄνδρ᾽ ἰδεῖν δοίη τὸν ἡμᾶς δεῦρο προσπέμψαντά σοι,17,6486,6469,6486,ὦ πάτηρ πάτηρ τις ἄν θεός σύ τόνδ ̓ ἄριστος ἄνδρ ̓ εἶδον δίδωμι ὁ ἐγώ δεῦρο προσπέμψαντά σύ
Οἰδίπους,ὦ τέκνον ἦ πάρεστον,4,6490,6486,6490,ὦ τέκνον εἰμί πάρειμι1
Ἀντιγόνη,αἵδε γὰρ χέρες Θησέως ἔσωσαν φιλτάτων τ᾽ ὀπαόνων,8,6498,6490,6498,ὅδε γάρ χείρ Θησεύς σώζω φίλτατος τ ̓ ὀπάων
Οἰδίπους,προσέλθετ᾽ ὦ παῖ πατρὶ καὶ τὸ μηδαμὰ ἐλπισθὲν ἥξειν σῶμα βαστάσαι δότε,12,6510,6498,6510,προσέλθετ ̓ ὦ παῖς πατήρ καί ὁ μηδαμός ἐλπισθὲν ἥκω σῶμα βαστάζω δίδωμι
Ἀντιγόνη,αἰτεῖς ἃ τεύξει σὺν πόθῳ γὰρ ἡ χάρις,8,6518,6510,6518,αἰτέω ὅς τεύχω σύν πόθος γάρ ὁ χάρις
Οἰδίπους,ποῦ δῆτα ποῦ στόν,4,6522,6518,6522,ποῦ δῆτα ποῦ εἰμί
Ἀντιγόνη,αἵδ᾽ ὁμοῦ πελάζομεν,3,6525,6522,6525,αἵδ ̓ ὁμοῦ πελάζω
Οἰδίπους,ὦ φίλτατ᾽ ἔρνη,3,6528,6525,6528,ὦ φίλτατ ̓ ἔρνος
Ἀντιγόνη,τῷ τεκόντι πᾶν φίλον,4,6532,6528,6532,ὁ τίκτω πᾶς φίλος
Οἰδίπους,ὦ σκῆπτρα φωτός,3,6535,6532,6535,ὦ σκῆπτρον φώς
Ἀντιγόνη,δυσμόρου γε δύσμορα,3,6538,6535,6538,δύσμορος γε δύσμορος
Οἰδίπους,ἔχω τὰ φίλτατ᾽ οὐδ᾽ ἔτ᾽ ἂν πανάθλιος θανὼν ἂν εἴην σφῷν παρεστώσαιν ἐμοί ἐρείσατ᾽ ὦ παῖ πλευρὸν ἀμφιδέξιον ἐμφύντε τῷ φύσαντι κἀναπαύσατον τοῦ πρόσθ᾽ ἐρήμου τοῦδε δυστήνου πλάνου καί μοι τὰ πραχθέντ᾽ εἴπαθ᾽ ὡς βράχιστ᾽ ἐπεὶ ταῖς τηλικαῖσδε σμικρὸς ἐξαρκεῖ λόγος,41,6579,6538,6579,ἔχω ὁ φίλτατ ̓ οὐδ ̓ ἔτ ̓ ἄν πανάθλιος θνήσκω ἄν εἰμί σύ παρίστημι ἐγώ ἐρείσατ ̓ ὦ παῖς πλευρόν ἀμφιδέξιος ἐμφύω ὁ φύσας ἀναπαύω ὁ πρόσθ ̓ ἐρῆμος ὅδε δύστηνος πλάνος καί ἐγώ ὁ πραχθέντ ̓ εἴπαθ ̓ ὡς βράχιστ ̓ ἐπεί ὁ τηλικόσδε μικρός ἐξαρκέω λόγος
Ἀντιγόνη,ὅδ᾽ ἔσθ᾽ ὁ σώσας τοῦδε χρὴ κλύειν πάτερ οὗ κἄστι τοὔργον τοὐμὸν ὧδ᾽ ἔσται βραχύ,15,6594,6579,6594,ὅδ ̓ ἔσθ ̓ ὁ σώζω ὅδε χρή κλύω πάτηρ ἵημι εἰμί ἔργον ἐμός ὧδ ̓ εἰμί βραχύς
Οἰδίπους,ὦ ξεῖνε μὴ θαύμαζε πρὸς τὸ λιπαρὲς τέκν᾽ εἰ φανέντ᾽ ἄελπτα μηκύνω λόγον ἐπίσταμαι γὰρ τήνδε τὴν ἐς τάσδε μοι τέρψιν παρ᾽ ἄλλου μηδενὸς πεφασμένην σὺ γάρ νιν ἐξέσωσας οὐκ ἄλλος βροτῶν καί σοι θεοὶ πόροιεν ὡς ἐγὼ θέλω αὐτῷ τε καὶ γῇ τῇδ᾽ ἐπεὶ τό γ᾽ εὐσεβὲς μόνοις παρ᾽ ὑμῖν ηὗρον ἀνθρώπων ἐγὼ καὶ τοὐπιεικὲς καὶ τὸ μὴ ψευδοστομεῖν εἰδὼς δ᾽ ἀμύνω τοῖσδε τοῖς λόγοις τάδε ἔχω γὰρ ἅχω διὰ σὲ κοὐκ ἄλλον βροτῶν καί μοι χέρ᾽ ὦναξ δεξιὰν ὄρεξον ὡς ψαύσω φιλήσω τ᾽ εἰ θέμις τὸ σὸν κάρα καίτοι τί φωνῶ πῶς σ᾽ ἂν ἄθλιος γεγὼς θιγεῖν θελήσαιμ᾽ ἀνδρός ᾧ τίς οὐκ ἔνι κηλὶς κακῶν ξύνοικος οὐκ ἔγωγέ σε οὐδ᾽ οὖν ἐάσω τοῖς γὰρ ἐμπείροις βροτῶν μόνοις οἷόν τε συνταλαιπωρεῖν τάδε σὺ δ᾽ αὐτόθεν μοι χαῖρε καὶ τὰ λοιπά μου μέλου δικαίως ὥσπερ ἐς τόδ᾽ ἡμέρας,138,6732,6594,6732,ὦ ξένος μή θαυμάζω πρός ὁ λιπαρὲς τέκν ̓ εἰ φανέντ ̓ ἄελπτος μηκύνω λόγος ἐπίσταμαι γάρ ὅδε ὁ εἰς ὅδε ἐγώ τέρψις παρ ̓ ἄλλος μηδείς φαίνω σύ γάρ νιν ἐκσώιζω οὐ ἄλλος βροτός καί σύ θεός πόρω ὡς ἐγώ ἐθέλω αὐτός τε καί γῆ τῇδ ̓ ἐπεί ὁ γ ̓ εὐσεβὲς μόνος παρ ̓ σύ εὑρίσκω ἄνθρωπος ἐγώ καί τοὐπιεικὲς καί ὁ μή ψευδοστομέω οἶδα δ ̓ ἀμύνω ὅδε ὁ λόγος ὅδε ἔχω γάρ ἔχω διά σύ οὐ ἄλλος βροτός καί ἐγώ χέρ ̓ ἄναξ δεξιός ὀρέγω ὡς ψαύω φιλέω τ ̓ εἰ θέμις ὁ σός κάρα καίτοι τίς φωνέω πῶς σ ̓ ἄν ἄθλιος γεγὼς θιγγάνω θελήσαιμ ̓ ἀνήρ ὅς τις οὐ ἐν κηλὶς κακός σύνοικος οὐ ἐγώ σύ οὐδ ̓ οὖν ἐάω ὁ γάρ ἔμπειρος βροτός μόνος οἷος τε συνταλαιπωρέω ὅδε σύ δ ̓ αὐτόθεν ἐγώ χαίρω καί ὁ λοιπός ἐγώ μέλω δίκαιος ὥσπερ εἰς τόδ ̓ ἡμέρα
Θησεύς,οὔτ᾽ εἴ τι μῆκος τῶν λόγων ἔθου πλέον τέκνοισι τερφθεὶς τοῖσδε θαυμάσας ἔχω οὔτ᾽ εἰ πρὸ τοὐμοῦ προύλαβες τὰ τῶνδ᾽ ἔπη βάρος γὰρ ἡμᾶς οὐδὲν ἐκ τούτων ἔχει οὐ γὰρ λόγοισι τὸν βίον σπουδάζομεν λαμπρὸν ποεῖσθαι μᾶλλον ἢ τοῖς δρωμένοις δείκνυμι δ᾽ ὧν γὰρ ὤμοσ᾽ οὐκ ἐψευσάμην οὐδέν σε πρέσβυ τάσδε γὰρ πάρειμ᾽ ἄγων ζώσας ἀκραιφνεῖς τῶν κατηπειλημένων χὤπως μὲν ἁγὼν ᾑρέθη τί δεῖ μάτην κομπεῖν ἅ γ᾽ εἴσει καὐτὸς ἐκ ταύταιν ξυνών λόγος δ᾽ ὃς ἐμπέπτωκεν ἀρτίως ἐμοὶ στείχοντι δεῦρο συμβαλοῦ γνώμην ἐπεὶ σμικρὸς μὲν εἰπεῖν ἄξιος δὲ θαυμάσαι πρᾶγος δ᾽ ἀτίζειν οὐδὲν ἄνθρωπον χρεών,96,6828,6732,6828,οὔτ ̓ εἰ τις μῆκος ὁ λόγος τίθημι πλείων τέκνον τερφθεὶς ὅδε θαυμάζω ἔχω οὔτ ̓ εἰ πρό ἐγώ προλαμβάνω ὁ τῶνδ ̓ ἔπος βάρος γάρ ἐγώ οὐδείς ἐκ οὗτος ἔχω οὐ γάρ λόγος ὁ βίος σπουδάζω λαμπρός ποιέω μᾶλλον ἤ ὁ δράω δείκνυμι δ ̓ ὅς γάρ ὤμοσ ̓ οὐ ψεύδω οὐδείς σύ πρέσβυς ὅδε γάρ πάρειμ ̓ ἄγω ζάω ἀκραιφνής ὁ καταπειλέω ὅπως μέν ἁγὼν αἱρέω τίς δεῖ μάτην κομπέω ὅς γ ̓ οἶδα αὐτός ἐκ οὗτος σύνειμι λόγος δ ̓ ὅς ἐμπίτνω ἄρτιος ἐγώ στείχω δεῦρο συμβάλλω γνώμη ἐπεί μικρός μέν εἶπον ἄξιος δέ θαυμάζω πρᾶγος δ ̓ ἀτίζω οὐδείς ἄνθρωπος χρεών
Οἰδίπους,τί δ᾽ ἔστι τέκνον Αἰγέως δίδασκέ με ὡς μὴ εἰδότ᾽ αὐτὸν μηδὲν ὧν σὺ πυνθάνει,15,6843,6828,6843,τίς δ ̓ εἰμί τέκνον Αἰγέως διδάσκω ἐγώ ὡς μή εἰδότ ̓ αὐτός μηδείς ὅς σύ πυνθάνομαι
Θησεύς,φασίν τιν᾽ ἡμῖν ἄνδρα σοὶ μὲν ἔμπολιν οὐκ ὄντα συγγενῆ δέ προσπεσόντα πως βωμῷ καθῆσθαι τῷ Ποσειδῶνος παρ᾽ ᾧ θύων ἔκυρον ἡνίχ᾽ ὡρμώμην ἐγώ,24,6867,6843,6867,φημί τιν ̓ ἐγώ ἀνήρ σύ μέν ἔμπολις οὐ εἰμί συγγενής δέ προσπίτνω πως βωμός κάθημαι ὁ Ποσειδῶν παρ ̓ ὅς θύω κυρέω ἡνίχ ̓ ὁρμάω ἐγώ
Οἰδίπους,ποδαπόν τί προσχρῄζοντα τῷ θακήματι,5,6872,6867,6872,ποδαπός τίς προσχρήιζω ὁ θάκημα
Θησεύς,οὐκ οἶδα πλὴν ἕν σοῦ γάρ ὡς λέγουσί μοι βραχύν τιν᾽ αἰτεῖ μῦθον οὐκ ὄγκου πλέων,16,6888,6872,6888,οὐ οἶδα πλήν ἵημι σύ γάρ ὡς λέγω ἐγώ βραχύς τιν ̓ αἰτέω μῦθος οὐ ὀγκός πλέω
Οἰδίπους,ποῖόν τιν᾽ οὐ γὰρ ἥδ᾽ ἕδρα σμικροῦ λόγου σοὶ φασὶν αὐτὸν ἐς λόγους ἐλθεῖν μόνον αἰτεῖν ἀπελθεῖν τ᾽ ἀσφαλῶς τῆς δεῦρ᾽ ὁδοῦ,22,6910,6888,6910,ποῖος τιν ̓ οὐ γάρ ἥδ ̓ ἕδρα μικρός λόγος σύ φημί αὐτός εἰς λόγος ἔρχομαι μόνος αἰτέω ἀπέρχομαι τ ̓ ἀσφαλής ὁ δεῦρ ̓ ὁδός
Οἰδίπους,τίς δῆτ᾽ ἂν εἴη τήνδ᾽ ὁ προσθακῶν ἕδραν,8,6918,6910,6918,τις δῆτ ̓ ἄν εἰμί τήνδ ̓ ὁ προσθακέω ἕδρα
Θησεύς,ὅρα κατ᾽ Ἄργος εἴ τις ὑμὶν ἐγγενὴς ἔσθ᾽ ὅστις ἄν σου τοῦτο προσχρῄζοι τυχεῖν,14,6932,6918,6932,ὁράω κατ ̓ Ἄργος εἰ τις σύ ἐγγενής ἔσθ ̓ ὅστις ἀνά σύ οὗτος προσχρήιζω τυγχάνω
Οἰδίπους,ὦ φίλτατε σχὲς οὗπερ εἶ,5,6937,6932,6937,ὦ φίλτατος σχὲς οὗπερ εἶμι
Θησεύς,τί δ᾽ ἔστι σοι,4,6941,6937,6941,τίς δ ̓ εἰμί σύ
Οἰδίπους,μή μου δεηθῇς,3,6944,6941,6944,μή ἐγώ δέω2
Θησεύς,πράγματος ποίου λέγε,3,6947,6944,6947,πρᾶγμα ποῖος λέγω
Οἰδίπους,ἔξοιδ᾽ ἀκούων τῶνδ᾽ ὅς ἐσθ᾽ ὁ προστάτης,7,6954,6947,6954,ἔξοιδ ̓ ἀκούω τῶνδ ̓ ὅς ἐσθ ̓ ὁ προστάτης
Θησεύς,καὶ τίς ποτ᾽ ἐστὶν ὅν γ᾽ ἐγὼ ψέξαιμί τι,9,6963,6954,6963,καί τις ποτ ̓ εἰμί ὅς γ ̓ ἐγώ ψέξαιμί τις
Οἰδίπους,παῖς οὑμός ὦναξ στυγνός οὗ λόγων ἐγὼ ἄλγιστ᾽ ἂν ἀνδρῶν ἐξανασχοίμην κλύων,12,6975,6963,6975,παῖς ἐμός ἄναξ στυγνός ἵημι λόγος ἐγώ ἄλγιστ ̓ ἄν ἀνήρ ἐξανέχω κλύω
Θησεύς,τί δ᾽ οὐκ ἀκούειν ἔστι καὶ μὴ δρᾶν ἃ μὴ χρῄζεις τί σοι τοῦτ᾽ ἐστὶ λυπηρὸν κλύειν,17,6992,6975,6992,τίς δ ̓ οὐ ἀκούω εἰμί καί μή δράω ὅς μή χρῄζω τίς σύ τοῦτ ̓ εἰμί λυπηρός κλύω
Οἰδίπους,ἔχθιστον ὦναξ φθέγμα τοῦθ᾽ ἥκει πατρί καὶ μή μ᾽ ἀνάγκῃ προσβάλῃς τάδ᾽ εἰκαθεῖν,13,7005,6992,7005,ἔχθιστος ἄναξ φθέγμα τοῦθ ̓ ἥκω πατήρ καί μή μ ̓ ἀνάγκη προσβάλλω τάδ ̓ εἴκω
Θησεύς,ἀλλ᾽ εἰ τὸ θάκημ᾽ ἐξαναγκάζει σκόπει μή σοι πρόνοι᾽ ᾖ τοῦ θεοῦ φυλακτέα,13,7018,7005,7018,ἀλλ ̓ εἰ ὁ θάκημ ̓ ἐξαναγκάζω σκοπέω μή σύ πρόνοι ̓ εἰμί ὁ θεός φυλακτέος
Ἀντιγόνη,πάτερ πιθοῦ μοι κεἰ νέα παραινέσω τὸν ἄνδρ᾽ ἔασον τόνδε τῇ θ᾽ αὑτοῦ φρενὶ χάριν παρασχεῖν τῷ θεῷ θ᾽ ἃ βούλεται καὶ νῷν ὕπεικε τὸν κασίγνητον μολεῖν οὐ γάρ σε θάρσει πρὸς βίαν παρασπάσει γνώμης ἃ μή σοι συμφέροντα λέξεται λόγων δ᾽ ἀκοῦσαι τίς βλάβη τά τοι κακῶς ηὑρημέν᾽ ἔργα τῷ λόγῳ μηνύεται ἔφυσας αὐτόν ὥστε μηδὲ δρῶντά σε τὰ τῶν κακίστων δυσσεβέστατ᾽ ὦ πάτερ θέμις σέ γ᾽ εἶναι κεῖνον ἀντιδρᾶν κακῶς ἀλλ᾽ ἔασον εἰσὶ χἀτέροις γοναὶ κακαὶ καὶ θυμὸς ὀξύς ἀλλὰ νουθετούμενοι φίλων ἐπῳδαῖς ἐξεπᾴδονται φύσιν σὺ δ᾽ εἰς ἐκεῖνα μὴ τὰ νῦν ἀποσκόπει πατρῷα καὶ μητρῷα πήμαθ᾽ ἅπαθες κἂν κεῖνα λεύσσῃς οἶδ᾽ ἐγώ γνώσει κακοῦ θυμοῦ τελευτὴν ὡς κακὴ προσγίγνεται ἔχεις γὰρ οὐχὶ βαιὰ τἀνθυμήματα τῶν σῶν ἀδέρκτων ὀμμάτων τητώμενος ἀλλ᾽ ἡμὶν εἶκε λιπαρεῖν γὰρ οὐ καλὸν δίκαια προσχρῄζουσιν οὐδ᾽ αὐτὸν μὲν εὖ πάσχειν παθόντα δ᾽ οὐκ ἐπίστασθαι τίνειν,141,7159,7018,7159,πάτηρ πείθω ἐγώ εἰ νέος παραινέω ὁ ἄνδρ ̓ ἐάω ὅδε ὁ θ ̓ ἑαυτοῦ φρήν χάρις παρέχω ὁ θεός θ ̓ ὅς βούλομαι καί ἐγώ ὑπείκω ὁ κασίγνητος βλώσκω οὐ γάρ σύ θαρσέω πρός βία παρασπάω γνώμη ὅς μή σύ συμφέρω λέγω λόγος δ ̓ ἀκούω τις βλάβη ὁ σύ κακός ηὑρημέν ̓ ἔργον ὁ λόγος μηνύω φύω αὐτός ὥστε μηδέ δρῶντά σύ ὁ ὁ κακός δυσσεβέστατ ̓ ὦ πάτηρ θέμις σύ γ ̓ εἰμί ἐκεῖνος ἀντιδράω κακός ἀλλ ̓ ἐάω εἰμί ἕτερος γοναὶ κακός καί θυμός ὀξύς ἀλλά νουθετέω φίλος ἐπωιδή ἐξεπάιδω φύσις σύ δ ̓ εἰς ἐκεῖνος μή ὁ νῦν ἀποσκοπέω πατρῷος καί μητρῶιος πήμαθ ̓ πάσχω κἀν κεῖνος λεύσσω οἶδ ̓ ἐγώ γιγνώσκω κακός θυμός τελευτή ὡς κακός προσγίγνομαι ἔχω γάρ οὐ βαιὰ ἐνθύμημα ὁ σός ἄδερκτος ὄμμα τητάομαι ἀλλ ̓ ἐγώ εἴκω λιπαρέω γάρ οὐ καλός δίκαιος προσχρήιζω οὐδ ̓ αὐτός μέν εὖ πάσχω πάσχω δ ̓ οὐ ἐπίσταμαι τίνω
Οἰδίπους,τέκνον βαρεῖαν ἡδονὴν νικᾶτέ με λέγοντες ἔστω δ᾽ οὖν ὅπως ὑμῖν φίλον μόνον ξέν᾽ εἴπερ κεῖνος ὧδ᾽ ἐλεύσεται μηδεὶς κρατείτω τῆς ἐμῆς ψυχῆς ποτε,24,7183,7159,7183,τέκνον βαρύς ἡδονή νικᾶτέ ἐγώ λέγω εἰμί δ ̓ οὖν ὅπως σύ φίλος μόνος ξέν ̓ εἴπερ ἐκεῖνος ὧδ ̓ ἔρχομαι μηδείς κρατέω ὁ ἐμός ψυχή ποτέ
Θησεύς,ἅπαξ τὰ τοιαῦτ᾽ οὐχὶ δὶς χρῄζω κλύειν ὦ πρέσβυ κομπεῖν δ᾽ οὐχὶ βούλομαι σὺ δ᾽ ὢν σῶς ἴσθ᾽ ἐάν περ κἀμέ τις σῴζῃ θεῶν,24,7207,7183,7207,ἅπαξ ὁ τοιαῦτ ̓ οὐ δίς χρῄζω κλύω ὦ πρέσβυς κομπέω δ ̓ οὐ βούλομαι σύ δ ̓ εἰμί σῶς ἴσθ ̓ ἐάν περί ἐγώ τις σώζω θεός
Χορός,ὅστις τοῦ πλέονος μέρους χρῄζει τοῦ μετρίου παρεὶς ζώειν σκαιοσύναν φυλάσσων ἐν ἐμοὶ κατάδηλος ἔσται ἐπεὶ πολλὰ μὲν αἱ μακραὶ ἁμέραι κατέθεντο δὴ λύπας ἐγγυτέρω τὰ τέρποντα δ᾽ οὐκ ἂν ἴδοις ὅπου ὅταν τις ἐς πλέον πέσῃ τοῦ δέοντος ὁ δ᾽ ἐπίκουρος ἰσοτέλεστος Ἄϊδος ὅτε μοῖρ᾽ ἀνυμέναιος ἄλυρος ἄχορος ἀναπέφηνε θάνατος ἐς τελευτάν,53,7260,7207,7260,ὅστις ὁ πλείων μέρος χρῄζω ὁ μέτριος παρίημι ζώω σκαιότης φυλάσσω ἐν ἐγώ κατάδηλος εἰμί ἐπεί πολύς μέν ὁ μακρός ἥμερος κατατίθημι δή λύπη ἐγγυτέρω ὁ τέρπω δ ̓ οὐ ἄν εἶδον ὅπου ὅταν τις εἰς πλείων πίπτω ὁ δέω ὁ δ ̓ ἐπίκουρος ἰσοτέλεστος Ἀίδης ὅτε μοῖρ ̓ ἀνυμέναιος ἄλυρος ἄχορος ἀναφαίνω θάνατος εἰς τελευτή
Χορός,μὴ φῦναι τὸν ἅπαντα νικᾷ λόγον τὸ δ᾽ ἐπεὶ φανῇ βῆναι κεῖθεν ὅθεν περ ἥκει πολὺ δεύτερον ὡς τάχιστα ὡς εὖτ᾽ ἂν τὸ νέον παρῇ κούφας ἀφροσύνας φέρον τίς πλαγὰ πολύμοχθος ἔξω τίς οὐ καμάτων ἔνι φθόνος στάσεις ἔρις μάχαι καὶ φόνοι τό τε κατάμεμπτον ἐπιλέλογχε πύματον ἀκρατὲς ἀπροσόμιλον γῆρας ἄφιλον ἵνα πρόπαντα κακὰ κακῶν ξυνοικεῖ,56,7316,7260,7316,μή φύω ὁ ἅπας νικάω λόγος ὁ δ ̓ ἐπεί φαίνω βαίνω ἐκεῖθεν ὅθεν περί ἥκω πολύς δεύτερος ὡς ταχύς ὡς εὖτ ̓ ἄν ὁ νέος πάρειμι κοῦφος ἀφροσύνη φέρω τις πλαγὰ πολύμοχθος ἔξω τις οὐ κάματος ἐν φθόνος στάσις ἔρις μάχη καί φόνος ὁ τε κατάμεμπτος ἐπιλαγχάνω πύματος ἀκρατὲς ἀπροσόμιλος γῆρας ἄφιλος ἵνα πρόπας κακός κακός συνοικέω
Χορός,ἐν ᾧ τλάμων ὅδ᾽ οὐκ ἐγὼ μόνος πάντοθεν βόρειος ὥς τις ἀκτὰ κυματοπλὴξ χειμερία κλονεῖται ὣς καὶ τόνδε κατ᾽ ἄκρας δειναὶ κυματοαγεῖς ἆται κλονέουσιν ἀεὶ ξυνοῦσαι αἱ μὲν ἀπ᾽ ἀελίου δυσμᾶν αἱ δ᾽ ἀνατέλλοντος αἱ δ᾽ ἀνὰ μέσσαν ἀκτῖν᾽ αἱ δ᾽ ἐννυχιᾶν ἀπὸ Ῥιπᾶν,44,7360,7316,7360,ἐν ὅς τλήμων ὅδ ̓ οὐ ἐγώ μόνος πάντοθεν βόρειος ὡς τις ἀκτή κυματοπλὴξ χειμέριος κλονέω ὡς καί ὅδε κατ ̓ ἄκρα δεινός κυματοαγής ἄτη κλονέω ἀεί σύνειμι1 ὁ μέν ἀπ ̓ ἥλιος δυσμή ὁ δ ̓ ἀνατέλλω ὁ δ ̓ ἀνά μέσος ἀκτῖν ̓ ὁ δ ̓ ἐννύχιος ἀπό Ῥιπᾶν
Ἀντιγόνη,καὶ μὴν ὅδ᾽ ἡμῖν ὡς ἔοικεν ὁ ξένος ἀνδρῶν γε μοῦνος ὦ πάτερ δι᾽ ὄμματος ἀστακτὶ λείβων δάκρυον ὧδ᾽ ὁδοιπορεῖ,20,7380,7360,7380,καί μήν ὅδ ̓ ἐγώ ὡς ἔοικα ὁ ξένος ἀνήρ γε μόνος ὦ πάτηρ δι ̓ ὄμμα ἀστακτὶ λείβω δάκρυον ὧδ ̓ ὁδοιπορέω
Οἰδίπους,τίς οὗτος,2,7382,7380,7382,τις οὗτος
Οἰδίπους,ὅνπερ καὶ πάλαι κατείχομεν γνώμῃ πάρεστι δεῦρο Πολυνείκης ὅδε,9,7391,7382,7391,ὅς καί πάλαι κατέχω γνώμη πάρειμι δεῦρο Πολυνείκης ὅδε
Πολυνείκης,οἴμοι τί δράσω πότερα τἀμαυτοῦ κακὰ πρόσθεν δακρύσω παῖδες ἢ τὰ τοῦδ᾽ ὁρῶν πατρὸς γέροντος ὃς ξένης ἐπὶ χθονὸς σὺν σφῷν ἐφηύρηκ᾽ ἐνθάδ᾽ ἐκβεβλημένον ἐσθῆτι σὺν τοιᾷδε τῆς ὁ δυσφιλὴς γέρων γέροντι συγκατῴκηκεν πίνος πλευρὰν μαραίνων κρατὶ δ᾽ ὀμματοστερεῖ κόμη δι᾽ αὔρας ἀκτένιστος ᾁσσεται ἀδελφὰ δ᾽ ὡς ἔοικε τούτοισιν φορεῖ τὰ τῆς ταλαίνης νηδύος θρεπτήρια ἁγὼ πανώλης ὄψ᾽ ἄγαν ἐκμανθάνω καὶ μαρτυρῶ κάκιστος ἀνθρώπων τροφαῖς ταῖς σαῖσιν ἥκειν τἀμὰ μὴ ξ ἄλλων πύθῃ ἀλλ᾽ ἔστι γὰρ καὶ Ζηνὶ σύνθακος θρόνων Αἰδὼς ἐπ᾽ ἔργοις πᾶσι καὶ πρὸς σοί πάτερ παρασταθήτω τῶν γὰρ ἡμαρτημένων ἄκη μέν ἐστι προσφορὰ δ᾽ οὐκ ἔστ᾽ ἔτι τί σιγᾷς φώνησον ὦ πάτερ τι μή μ᾽ ἀποστραφῇς οὐδ᾽ ἀνταμείβει μ᾽ οὐδέν ἀλλ᾽ ἀτιμάσας πέμψεις ἄναυδος οὐδ᾽ ἃ μηνίεις φράσας ὦ σπέρματ᾽ ἀνδρὸς τοῦδ᾽ ἐμαὶ δ᾽ ὁμαίμονες πειράσατ᾽ ἀλλ᾽ ὑμεῖς γε κινῆσαι πατρὸς τὸ δυσπρόσοιστον κἀπροσήγορον στόμα ὡς μή μ᾽ ἄτιμον τοῦ θεοῦ γε προστάτην οὕτως ἀφῇ με μηδὲν ἀντειπὼν ἔπος,152,7543,7391,7543,οἴμοι τίς δράω πότερος ἐμαυτοῦ κακός πρόσθεν δακρύω παῖς ἤ ὁ τοῦδ ̓ ὁράω πατήρ γέρων ὅς ξένος ἐπί χθών σύν σύ ἐφηύρηκ ̓ ἐνθάδ ̓ ἐκβάλλω ἐσθής σύν τοιόσδε ὁ ὁ δυσφιλής γέρων γέρων συγκατοικέω πίνος πλευρά μαραίνω κράς δ ̓ ὀμματοστερής κόμη δι ̓ αὔρης ἀκτένιστος ᾁσσεται ἀδελφός δ ̓ ὡς ἔοικα οὗτος φορέω ὁ ὁ τάλας νηδύς θρεπτήριος ἐγώ πανώλης ὄψ ̓ ἄγαν ἐκμανθάνω καί μαρτυρέω κακός ἄνθρωπος τροφή ὁ σός ἥκω ἐμός μή ἐκ ἄλλος πύθω ἀλλ ̓ εἰμί γάρ καί Ζεύς σύνθακος θρόνος αἰδώς ἐπ ̓ ἔργον πᾶς καί πρός σύ πάτηρ παρίστημι ὁ γάρ ἁμαρτάνω ἄκος μέν εἰμί προσφορὰ δ ̓ οὐ ἔστ ̓ ἔτι τίς σιγάω φωνέω ὦ πάτηρ τις μή μ ̓ ἀποστρέφω οὐδ ̓ ἀνταμείβομαι μ ̓ οὐδείς ἀλλ ̓ ἀτιμάω πέμπω ἄναυδος οὐδ ̓ ὅς μηνίω φράζω ὦ σπέρματ ̓ ἀνήρ τοῦδ ̓ ἐμός δ ̓ ὁμαίμων πειράσατ ̓ ἀλλ ̓ σύ γε κινέω πατήρ ὁ δυσπρόσοιστος ἀπροσήγορος στόμα ὡς μή μ ̓ ἄτιμος ὁ θεός γε προστάτης οὕτως ἀφίημι ἐγώ μηδείς ἀντειπὼν ἔπος
Ἀντιγόνη,λέγ᾽ ὦ ταλαίπωρ᾽ αὐτὸς ὧν χρείᾳ πάρει τὰ πολλὰ γάρ τοι ῥήματ᾽ ἢ τέρψαντά τι ἢ δυσχεράναντ᾽ ἢ κατοικτίσαντά πως παρέσχε φωνὴν τοῖς ἀφωνήτοις τινά,25,7568,7543,7568,λέγ ̓ ὦ ταλαίπωρ ̓ αὐτός ὅς χρεία πάρειμι ὁ πολύς γάρ σύ ῥήματ ̓ ἤ τέρψαντά τις ἤ δυσχεράναντ ̓ ἤ κατοικτίσαντά πως παρέχω φωνή ὁ ἀφώνητος τις
Πολυνείκης,ἀλλ᾽ ἐξερῶ καλῶς γὰρ ἐξηγεῖ σύ μοι πρῶτον μὲν αὐτὸν τὸν θεὸν ποιούμενος ἀρωγόν ἔνθεν μ᾽ ὧδ᾽ ἀνέστησεν μολεῖν ὁ τῆσδε τῆς γῆς κοίρανος διδοὺς ἐμοὶ λέξαι τ᾽ ἀκοῦσαί τ᾽ ἀσφαλεῖ σὺν ἐξόδῳ καὶ ταῦτ᾽ ἀφ᾽ ὑμῶν ὧ ξένοι βουλήσομαι καὶ ταῖνδ᾽ ἀδελφαῖν καὶ πατρὸς κυρεῖν ἐμοί ἃ δ᾽ ἦλθον ἤδη σοι θέλω λέξαι πάτερ γῆς ἐκ πατρῴας ἐξελήλαμαι φυγάς τοῖς σοῖς πανάρχοις οὕνεκ᾽ ἐνθακεῖν θρόνοις γονῇ πεφυκὼς ἠξίουν γεραίτερος ἀνθ᾽ ὧν μ᾽ Ἐτεοκλῆς ὢν φύσει νεώτερος γῆς ἐξέωσεν οὔτε νικήσας λόγῳ οὔτ᾽ εἰς ἔλεγχον χειρὸς οὐδ᾽ ἔργου μολών πόλιν δὲ πείσας ὧν ἐγὼ μάλιστα μὲν τὴν σὴν ἐρινὺν αἰτίαν εἶναι λέγω ἔπειτα κἀπὸ μάντεων ταύτῃ κλύω ἐπεὶ γὰρ ἦλθον Ἄργος ἐς τὸ Δωρικόν λαβὼν Ἄδραστον πενθερόν ξυνωμότας ἔστησ᾽ ἐμαυτῷ γῆς ὅσοιπερ Ἀπίας πρῶτοι καλοῦνται καὶ τετίμηνται δόρει ὅπως τὸν ἑπτάλογχον ἐς Θήβας στόλον ξὺν τοῖσδ᾽ ἀγείρας ἢ θάνοιμι πανδίκως ἢ τοὺς τάδ᾽ ἐκπράξαντας ἐκβάλοιμι γῆς εἶεν τί δῆτα νῦν ἀφιγμένος κυρῶ σοὶ προστροπαίους ὦ πάτερ λιτὰς ἔχων αὐτός τ᾽ ἐμαυτοῦ ξυμμάχων τε τῶν ἐμῶν οἳ νῦν σὺν ἑπτὰ τάξεσιν σὺν ἑπτά τε λόγχαις τὸ Θήβης πέδιον ἀμφεστᾶσι πᾶν οἷος δορυσσοῦς Ἀμφιάρεως τὰ πρῶτα μὲν δόρει κρατύνων πρῶτα δ᾽ οἰωνῶν ὁδοῖς ὁ δεύτερος δ᾽ Αἰτωλὸς Οἰνέως τόκος Τυδεύς τρίτος δ᾽ Ἐτέοκλος Ἀργεῖος γεγώς τέταρτον Ἱππομέδοντ᾽ ἀπέστειλεν πατὴρ Ταλαός ὁ πέμπτος δ᾽ εὔχεται κατασκαφῇ Καπανεὺς τὸ Θήβης ἄστυ δῃώσειν πυρί ἕκτος δὲ Παρθενοπαῖος Ἀρκὰς ὄρνυται ἐπώνυμος τῆς πρόσθεν ἀδμήτης χρόνῳ μητρὸς λοχευθείς πιστὸς Ἀταλάντης γόνος ἐγὼ δὲ σός κεἰ μὴ σός ἀλλὰ τοῦ κακοῦ πότμου φυτευθείς σός γέ τοι καλούμενος ἄγω τὸν Ἄργους ἄφοβον ἐς Θήβας στρατόν οἵ σ᾽ ἀντὶ παίδων τῶνδε καὶ ψυχῆς πάτερ ἱκετεύομεν ξύμπαντες ἐξαιτούμενοι μῆνιν βαρεῖαν εἰκαθεῖν ὁρμωμένῳ τῷδ᾽ ἀνδρὶ τοὐμοῦ πρὸς κασιγνήτου τίσιν ὅς μ᾽ ἐξέωσε κἀπεσύλησεν πάτρας εἰ γάρ τι πιστόν ἐστιν ἐκ χρηστηρίων οἷς ἂν σὺ προσθῇ τοῖσδ᾽ ἔφασκ᾽ εἶναι κράτος πρὸς νῦν σε κρηνῶν καὶ θεῶν ὁμογνίων αἰτῶ πιθέσθαι καὶ παρεικαθεῖν ἐπεὶ πτωχοὶ μὲν ἡμεῖς καὶ ξένοι ξένος δὲ σύ ἄλλους δὲ θωπεύοντες οἰκοῦμεν σύ τε κἀγώ τὸν αὐτὸν δαίμον᾽ ἐξειληχότες ὁ δ᾽ ἐν δόμοις τύραννος ὦ τάλας ἐγώ κοινῇ καθ᾽ ἡμῶν ἐγγελῶν ἁβρύνεται ὅν εἰ σὺ τἠμῇ ξυμπαραστήσει φρενί βραχεῖ σὺν ὄγκῳ καὶ χρόνῳ διασκεδῶ ὥστ᾽ ἐν δόμοισι τοῖσι σοῖς στήσω σ᾽ ἄγων στήσω δ᾽ ἐμαυτόν κεῖνον ἐκβαλὼν βίᾳ καὶ ταῦτα σοῦ μὲν ξυνθέλοντος ἔστι μοι κομπεῖν ἄνευ σοῦ δ᾽ οὐδὲ σωθῆναι σθένω,381,7949,7568,7949,ἀλλ ̓ ἐξερέω καλός γάρ ἐξηγεῖ σύ ἐγώ πρῶτος μέν αὐτός ὁ θεός ποιέω ἀρωγός ἔνθεν μ ̓ ὧδ ̓ ἀνίστημι βλώσκω ὁ ὅδε ὁ γῆ κοίρανος δίδωμι ἐγώ λέγω τ ̓ ἀκοῦσαί τ ̓ ἀσφαλής σύν ἔξοδος καί ταῦτ ̓ ἀφ ̓ σύ ἵημι ξένος βούλομαι καί ταῖνδ ̓ ἀδελφή καί πατήρ κυρέω ἐγώ ὅς δ ̓ ἔρχομαι ἤδη σύ ἐθέλω λέγω πάτηρ γῆ ἐκ πατρῷος ἐξελαύνω φυγή ὁ σός πάναρχος οὕνεκ ̓ ἐνθακέω θρόνος γονή πεφυκὼς ἀξιόω γεραιός ἀνθ ̓ ὅς μ ̓ Ἐτεοκλῆς εἰμί φύσις νεώτερος γῆ ἐξωθέω οὔτε νικάω λόγος οὔτ ̓ εἰς ἔλεγχος χείρ οὐδ ̓ ἔργον βλώσκω πόλις δέ πείθω ὅς ἐγώ μάλιστα μέν ὁ σός ἐρινὺν αἰτία εἰμί λέγω ἔπειτα ἀπό μάντις οὗτος κλύω ἐπεί γάρ ἔρχομαι Ἄργος εἰς ὁ Δωρικόν λαμβάνω Ἄδραστον πενθερός συνωμότης ἔστησ ̓ ἐμαυτοῦ γῆ ὅσος ἄπιος πρῶτος καλέω καί τιμάω δόρυ ὅπως ὁ ἑπτάλογχος εἰς Θῆβαι στόλος σύν τοῖσδ ̓ ἀγείρω ἤ θνήσκω πάνδικος ἤ ὁ τάδ ̓ ἐκπράσσω ἐκβάλλω γῆ εἰμί τίς δῆτα νῦν ἀφικνέομαι κυρέω σύ προστρόπαιος ὦ πάτηρ λιτή ἔχω αὐτός τ ̓ ἐμαυτοῦ σύμμαχος τε ὁ ἐμός ὁ νῦν σύν ἑπτά τάξις σύν ἑπτά τε λόγχη ὁ Θήβη πεδάω ἀμφίστημι πᾶς οἷος δορυσσόος Ἀμφιάρεως ὁ πρῶτος μέν δόρυ κρατύνω πρῶτος δ ̓ οἰωνός ὁδός ὁ δεύτερος δ ̓ Αἰτωλός Οἰνεύς τόκος Τυδεύς τρίτος δ ̓ Ἐτέοκλος Ἀργεῖος γίγνομαι τέταρτος Ἱππομέδοντ ̓ ἀποστέλλω πατήρ Ταλαός ὁ πέμπτος δ ̓ εὔχομαι κατασκάπτω Καπανεύς ὁ Θήβη ἄστυ δηιόω πῦρ ἕκτος δέ Παρθενοπαῖος Ἀρκὰς ὄρνυμι ἐπώνυμος ὁ πρόσθεν ἄδμητος χρόνος μήτηρ λοχεύω πιστός Ἀταλάντης γόνος ἐγώ δέ σός εἰ μή σός ἀλλά ὁ κακός πότμος φυτεύω σός γε σύ καλέω ἄγω ὁ Ἄργος ἄφοβος εἰς Θῆβαι στρατός ὅς σ ̓ ἀντί παῖς ὅδε καί ψυχή πάτηρ ἱκετεύω σύμπας ἐξαιτέω μῆνις βαρύς εἴκω ὁρμάω τῷδ ̓ ἀνήρ ἐγώ πρός κασίγνητος τίσις ὅς μ ̓ ἐξωθέω ἀποσυλάω πάτρα εἰ γάρ τις πιστός εἰμί ἐκ χρηστήριον ὅς ἄν σύ προστίθημι τοῖσδ ̓ ἔφασκ ̓ εἰμί κράτος πρός νῦν σύ κρήνη καί θεός ὁμόγνιος αἰτέω πείθω καί παρείκω ἐπεί πτωχός μέν ἐγώ καί ξένος ξένος δέ σύ ἄλλος δέ θωπεύω οἰκέω σύ τε ἐγώ ὁ αὐτός δαίμον ̓ ἐκλαγχάνω ὁ δ ̓ ἐν δόμος τύραννος ὦ τάλας ἐγώ κοινῇ καθ ̓ ἐγώ ἐγγελάω ἁβρύνω ὅς εἰ σύ ἐμός ξυμπαραστήσει φρήν βραχύς σύν ὄγκος καί χρόνος διασκεδάννυμι ὥστ ̓ ἐν δόμος ὁ σός ἵστημι σ ̓ ἄγω ἵστημι δ ̓ ἐμαυτοῦ ἐκεῖνος ἐκβάλλω βία καί οὗτος σύ μέν συνεθέλω εἰμί ἐγώ κομπέω ἄνευ σύ δ ̓ οὐδέ σώζω σθένω
Χορός,τὸν ἄνδρα τοῦ πέμψαντος οὕνεκ᾽ Οἰδίπους εἰπὼν ὁποῖα ξύμφορ᾽ ἔκπεμψαι πάλιν,11,7960,7949,7960,ὁ ἀνήρ ὁ πέμπω οὕνεκ ̓ Οἰδίπους εἶπον ὁποῖος ξύμφορ ̓ ἐκπέμπω πάλιν
Οἰδίπους,ἀλλ᾽ εἰ μέν ἄνδρες τῆσδε δημοῦχοι χθονός μὴ τύγχαν᾽ αὐτὸν δεῦρο προσπέμψας ἐμοὶ Θησεύς δικαιῶν ὥστ᾽ ἐμοῦ κλύειν λόγους οὔ τἄν ποτ᾽ ὀμφῆς τῆς ἐμῆς ἐπῄσθετο νῦν δ᾽ ἀξιωθεὶς εἶσι κἀκούσας γ᾽ ἐμοῦ τοιαῦθ᾽ ἃ τὸν τοῦδ᾽ οὔ ποτ᾽ εὐφρανεῖ βίον ὅς γ᾽ ὦ κάκιστε σκῆπτρα καὶ θρόνους ἔχων ἃ νῦν ὁ σὸς ξύναιμος ἐν Θήβαις ἔχει τὸν αὐτὸς αὑτοῦ πατέρα τόνδ᾽ ἀπήλασας κἄθηκας ἄπολιν καὶ στολὰς ταύτας φορεῖν ἃς νῦν δακρύεις εἰσορῶν ὅτ᾽ ἐν πόνῳ ταὐτῷ βεβηκὼς τυγχάνεις κακῶν ἐμοί οὐ κλαυστὰ δ᾽ ἐστίν ἀλλ᾽ ἐμοὶ μὲν οἰστέα τάδ᾽ ἕωσπερ ἂν ζῶ σοῦ φονέως μεμνημένος σὺ γάρ με μόχθῳ τῷδ᾽ ἔθηκας ἔντροφον σύ μ᾽ ἐξέωσας ἐκ σέθεν δ᾽ ἀλώμενος ἄλλους ἐπαιτῶ τὸν καθ᾽ ἡμέραν βίον εἰ δ᾽ ἐξέφυσα τάσδε μὴ μαυτῷ τροφοὺς τὰς παῖδας ἦ τἂν οὐκ ἂν ἦ τὸ σὸν μέρος νῦν δ᾽ αἵδε μ᾽ ἐκσῴζουσιν αἵδ᾽ ἐμαὶ τροφοί αἵδ᾽ ἄνδρες οὐ γυναῖκες εἰς τὸ συμπονεῖν ὑμεῖς δ᾽ ἀπ᾽ ἄλλου κοὐκ ἐμοῦ πεφύκατον τοιγάρ σ᾽ ὁ δαίμων εἰσορᾷ μὲν οὔ τί πω ὡς αὐτίκ᾽ εἴπερ οἵδε κινοῦνται λόχοι πρὸς ἄστυ Θήβης οὐ γὰρ ἔσθ᾽ ὅπως πόλιν κείνην ἐρείψεις ἀλλὰ πρόσθεν αἵματι πεσεῖ μιανθεὶς χὼ σύναιμος ἐξ ἴσου τοιάσδ᾽ ἀρὰς σφῷν πρόσθε τ᾽ ἐξανῆκ᾽ ἐγὼ νῦν τ᾽ ἀνακαλοῦμαι ξυμμάχους ἐλθεῖν ἐμοί ἵν᾽ ἀξιῶτον τοὺς φυτεύσαντας σέβειν καὶ μὴ ξατιμάζητον εἰ τυφλοῦ πατρὸς τοιώδ᾽ ἐφύτην αἵδε γὰρ τάδ᾽ οὐκ ἔδρων τοιγὰρ τὸ σὸν θάκημα καὶ τοὺς σοὺς θρόνους κρατοῦσιν εἴπερ ἐστὶν ἡ παλαίφατος Δίκη ξύνεδρος Ζηνὸς ἀρχαίοις νόμοις σὺ δ᾽ ἔρρ᾽ ἀπόπτυστός τε κἀπάτωρ ἐμοῦ κακῶν κάκιστε τάσδε συλλαβὼν ἀράς ἅς σοι καλοῦμαι μήτε γῆς ἐμφυλίου δόρει κρατῆσαι μήτε νοστῆσαί ποτε τὸ κοῖλον Ἄργος ἀλλὰ συγγενεῖ χερὶ θανεῖν κτανεῖν θ᾽ ὑφ᾽ οὗπερ ἐξελήλασαι τοιαῦτ᾽ ἀρῶμαι καὶ καλῶ τὸ Ταρτάρου στυγνὸν πατρῷον ἔρεβος ὥς σ᾽ ἀποικίσῃ καλῶ δὲ τάσδε δαίμονας καλῶ δ᾽ Ἄρη τὸν σφῷν τὸ δεινὸν μῖσος ἐμβεβληκότα καὶ ταῦτ᾽ ἀκούσας στεῖχε κἀξάγγελλ᾽ ἰὼν καὶ πᾶσι Καδμείοισι τοῖς σαυτοῦ θ᾽ ἅμα πιστοῖσι συμμάχοισιν οὕνεκ᾽ Οἰδίπους τοιαῦτ᾽ ἔνειμε παισὶ τοῖς αὑτοῦ γέρα,321,8281,7960,8281,ἀλλ ̓ εἰ μέν ἀνήρ ὅδε δημοῦχος χθών μή τύγχαν ̓ αὐτός δεῦρο προσπέμπω ἐγώ Θησεύς δικαιόω ὥστ ̓ ἐγώ κλύω λόγος οὐ εἰμί ποτ ̓ ὀμφή ὁ ἐμός ἐπαισθάνομαι νῦν δ ̓ ἀξιωθεὶς εἶμι ἀκούω γ ̓ ἐγώ τοιαῦθ ̓ ὅς ὁ τοῦδ ̓ οὐ ποτ ̓ εὐφραίνω βίος ὅς γ ̓ ὦ κακός σκῆπτρον καί θρόνος ἔχω ὅς νῦν ὁ σός σύναιμος ἐν Θῆβαι ἔχω ὁ αὐτός ἑαυτοῦ πατήρ τόνδ ̓ ἀπελαύνω τίθημι ἄπολις καί στολή οὗτος φορέω ὅς νῦν δακρύω εἰσοράω ὅτ ̓ ἐν πόνος ταὐτός βεβηκὼς τυγχάνω κακός ἐγώ οὐ κλαυστὰ δ ̓ εἰμί ἀλλ ̓ ἐγώ μέν οἰστέος τάδ ̓ ἕωσπερ ἄν ζάω σύ φονεύς μιμνήσκω σύ γάρ ἐγώ μόχθος τῷδ ̓ τίθημι ἔντροφος σύ μ ̓ ἐξωθέω ἐκ σύ δ ̓ ἀλάομαι ἄλλος ἐπαιτέω ὁ καθ ̓ ἡμέρα βίος εἰ δ ̓ ἐκφύω ὅδε μή ἐμαυτοῦ τροφός ὁ παῖς εἰμί ἄν οὐ ἄν εἰμί ὁ σός μέρος νῦν δ ̓ ὅδε μ ̓ ἐκσώιζω αἵδ ̓ ἐμός τροφός αἵδ ̓ ἀνήρ οὐ γυνή εἰς ὁ συμπονέω σύ δ ̓ ἀπ ̓ ἄλλος οὐ ἐγώ φύω τοιγάρ σ ̓ ὁ δαίμων εἰσοράω μέν οὐ τίς πω ὡς αὐτίκ ̓ εἴπερ ὅδε κινέω λόχος πρός ἄστυ Θήβη οὐ γάρ ἔσθ ̓ ὅπως πόλις ἐκεῖνος ἐρείπω ἀλλά πρόσθεν αἷμα πίπτω μιανθεὶς χὼ σύναιμος ἐκ ἴσος τοιάσδ ̓ ἀρά σύ πρόσθεν τ ̓ ἐξανῆκ ̓ ἐγώ νῦν τ ̓ ἀνακαλέω σύμμαχος ἔρχομαι ἐγώ ἵν ̓ ἀξιόω ὁ φυτεύω σέβω καί μή ξατιμάζητον εἰ τυφλόω πατήρ τοιώδ ̓ ἐφύτην ὅδε γάρ τάδ ̓ οὐ δράω τοιγάρ ὁ σός θάκημα καί ὁ σός θρόνος κρατέω εἴπερ εἰμί ὁ παλαίφατος δίκη σύνεδρος Ζεύς ἀρχαῖος νόμος σύ δ ̓ ἔρρ ̓ ἀπόπτυστός τε ἀπάτωρ ἐγώ κακός κακός ὅδε συλλαμβάνω ἀρά ὅς σύ καλέω μήτε γῆ ἐμφύλιος δόρυ κρατέω μήτε νοστῆσαί ποτέ ὁ κοῖλος Ἄργος ἀλλά συγγενής χείρ θνήσκω κτείνω θ ̓ ὑφ ̓ οὗπερ ἐξελαύνω τοιαῦτ ̓ ἀρόω καί καλέω ὁ Τάρταρος στυγνός πατρῷος ἔρεβος ὡς σ ̓ ἀποικίζω καλέω δέ ὅδε δαίμων καλέω δ ̓ Ἄρης ὁ σύ ὁ δεινός μῖσος ἐμβάλλω καί ταῦτ ̓ ἀκούω στείχω κἀξάγγελλ ̓ εἶμι καί πᾶς Καδμεῖος ὁ σεαυτοῦ θ ̓ ἅμα πιστόω σύμμαχος οὕνεκ ̓ Οἰδίπους τοιαῦτ ̓ νέμω παῖς ὁ ἑαυτοῦ γέρας
Χορός,Πολύνεικες οὔτε ταῖς παρελθούσαις ὁδοῖς ξυνήδομαί σοι νῦν τ᾽ ἴθ᾽ ὡς τάχος πάλιν,13,8294,8281,8294,Πολυνείκης οὔτε ὁ παρέρχομαι ὁδός ξυνήδομαί σύ νῦν τ ̓ ἴθ ̓ ὡς τάχος πάλιν
Πολυνείκης,οἴμοι κελεύθου τῆς τ᾽ ἐμῆς δυσπραξίας οἴμοι δ᾽ ἑταίρων οἷον ἆρ᾽ ὁδοῦ τέλος Ἄργους ἀφωρμήθημεν ὦ τάλας ἐγώ τοιοῦτον οἷον οὐδὲ φωνῆσαί τινι ἔξεσθ᾽ ἑταίρων οὐδ᾽ ἀποστρέψαι πάλιν ἀλλ᾽ ὄντ᾽ ἄναυδον τῇδε συγκῦρσαι τύχῃ ὦ τοῦδ᾽ ὅμαιμοι παῖδες ἀλλ᾽ ὑμεῖς ἐπεὶ τὰ σκληρὰ πατρὸς κλύετε ταῦτ᾽ ἀρωμένου μή τοί με πρὸς θεῶν σφώ γ᾽ ἐὰν αἱ τοῦδ᾽ ἀραὶ πατρὸς τελῶνται καί τις ὑμῖν ἐς δόμους νόστος γένηται μή μ᾽ ἀτιμάσητέ γε ἀλλ᾽ ἐν τάφοισι θέσθε κἀν κτερίσμασιν καὶ σφῷν ὁ νῦν ἔπαινος ὃν κομίζετον τοῦδ᾽ ἀνδρὸς οἷς πονεῖτον οὐκ ἐλάσσονα ἔτ᾽ ἄλλον οἴσει τῆς ἐμῆς ὑπουργίας,96,8390,8294,8390,οἴμοι κέλευθος ὁ τ ̓ ἐμός δυσπραξία οἴμοι δ ̓ ἑταῖρος οἷος ἆρ ̓ ὁδός τέλος Ἄργος ἀφορμάω ὦ τάλας ἐγώ τοιοῦτος οἷος οὐδέ φωνῆσαί τις ἔξεσθ ̓ ἑταῖρος οὐδ ̓ ἀποστρέφω πάλιν ἀλλ ̓ ὄντ ̓ ἄναυδος ὅδε συγκυρέω τύχη ὦ τοῦδ ̓ ὅμαιμος παῖς ἀλλ ̓ σύ ἐπεί ὁ σκληρός πατήρ κλύω ταῦτ ̓ ἀρόω μή ὁ ἐγώ πρός θεός σύ γ ̓ ἐάν ὁ τοῦδ ̓ ἀρά πατήρ τελέω καί τις σύ εἰς δόμος νόστος γίγνομαι μή μ ̓ ἀτιμάσητέ γε ἀλλ ̓ ἐν τάφος τίθημι ἐν κτερίσματα καί σύ ὁ νῦν ἔπαινος ὅς κομίζω τοῦδ ̓ ἀνήρ ὅς πονέω οὐ ἐλάσσων ἔτ ̓ ἄλλος φέρω ὁ ἐμός ὑπουργία
Ἀντιγόνη,Πολύνεικες ἱκετεύω σε πεισθῆναί τί μοι,6,8396,8390,8396,Πολυνείκης ἱκετεύω σύ πεισθῆναί τίς ἐγώ
Πολυνείκης,ὦ φιλτάτη τὸ ποῖον Ἀντιγόνη λέγε,6,8402,8396,8402,ὦ φίλτατος ὁ ποῖος Ἀντιγόνη λέγω
Ἀντιγόνη,στρέψαι στράτευμ᾽ ἐς Ἄργος ὡς τάχιστά γε καὶ μὴ σέ τ᾽ αὐτὸν καὶ πόλιν διεργάσῃ,15,8417,8402,8417,στρέφω στράτευμ ̓ εἰς Ἄργος ὡς ταχύς γε καί μή σύ τ ̓ αὐτός καί πόλις διεργάζομαι
Πολυνείκης,ἀλλ᾽ οὐχ οἷόν τε πῶς γὰρ αὖθις ἂν πάλιν στράτευμ᾽ ἄγοιμι ταὐτόν εἰσάπαξ τρέσας,14,8431,8417,8431,ἀλλ ̓ οὐ οἷος τε πῶς γάρ αὖθις ἄν πάλιν στράτευμ ̓ ἄγω ταὐτός εἰσάπαξ τρέω
Ἀντιγόνη,τί δ᾽ αὖθις ὦ παῖ δεῖ σε θυμοῦσθαι τί σοι πάτραν κατασκάψαντι κέρδος ἔρχεται,14,8445,8431,8445,τίς δ ̓ αὖθις ὦ παῖς δεῖ σύ θυμόω τίς σύ πάτρα κατασκάπτω κέρδος ἔρχομαι
Πολυνείκης,αἰσχρὸν τὸ φεύγειν καὶ τὸ πρεσβεύοντ᾽ ἐμὲ οὕτω γελᾶσθαι τοῦ κασιγνήτου πάρα,12,8457,8445,8457,αἰσχρός ὁ φεύγω καί ὁ πρεσβεύοντ ̓ ἐγώ οὕτως γελάω ὁ κασίγνητος παρά
Ἀντιγόνη,ὁρᾷς τὰ τοῦδ᾽ οὖν ὡς ἐς ὀρθὸν ἐκφέρει μαντεύμαθ᾽ ὃς σφῷν θάνατον ἐξ ἀμφοῖν θροεῖ,15,8472,8457,8472,ὁράω ὁ τοῦδ ̓ οὖν ὡς εἰς ὀρθός ἐκφέρω μαντεύμαθ ̓ ὅς σύ θάνατος ἐκ ἄμφω θροέω
Πολυνείκης,χρῄζει γάρ ἡμῖν δ᾽ οὐχὶ συγχωρητέα,6,8478,8472,8478,χρῄζω γάρ ἐγώ δ ̓ οὐ συγχωρητέον
Ἀντιγόνη,οἴμοι τάλαινα τίς δὲ τολμήσει κλύων τὰ τοῦδ᾽ ἕπεσθαι τἀνδρός οἷ᾽ ἐθέσπισεν,12,8490,8478,8490,οἴμοι τάλας τις δέ τολμάω κλύω ὁ τοῦδ ̓ ἕπομαι ἀνήρ οἷ ̓ θεσπίζω
Πολυνείκης,οὐκ ἀγγελοῦμεν φλαῦρ᾽ ἐπεὶ στρατηλάτου χρηστοῦ τὰ κρείσσω μηδὲ τἀνδεᾶ λέγειν,11,8501,8490,8501,οὐ ἀγγέλλω φλαῦρ ̓ ἐπεί στρατηλάτης χρηστός ὁ κρείσσων μηδέ ἐνδεής λέγω
Ἀντιγόνη,οὕτως ἄρ᾽ ὦ παῖ ταῦτά σοι δεδογμένα,7,8508,8501,8508,οὕτως ἄρ ̓ ὦ παῖς οὗτος σύ δοκέω
Πολυνείκης,καὶ μή μ᾽ ἐπίσχῃς γ᾽ ἀλλ᾽ ἐμοὶ μὲν ἥδ᾽ ὁδὸς ἔσται μέλουσα δύσποτμός τε καὶ κακὴ πρὸς τοῦδε πατρὸς τῶν τε τοῦδ᾽ ἐρινύων σφῷν δ᾽ εὖ διδοίη Ζεύς τάδ᾽ εἰ θανόντι μοι τελεῖτ᾽ ἐπεὶ οὔ μοι ζῶντί γ᾽ αὖθις ἕξετον μέθεσθε δ᾽ ἤδη χαίρετόν τ᾽ οὐ γάρ μ᾽ ἔτι βλέποντ᾽ ἐσόψεσθ᾽ αὖθις,52,8560,8508,8560,καί μή μ ̓ ἐπώχατο γ ̓ ἀλλ ̓ ἐγώ μέν ἥδ ̓ ὁδός εἰμί μέλω δύσποτμός τε καί κακός πρός ὅδε πατήρ ὁ τε τοῦδ ̓ ἐρινύς σύ δ ̓ εὖ δίδωμι Ζεύς τάδ ̓ εἰ θνήσκω ἐγώ τελεῖτ ̓ ἐπεί οὐ ἐγώ ζῶντί γ ̓ αὖθις ἔχω μεθίημι δ ̓ ἤδη χαίρετόν τ ̓ οὐ γάρ μ ̓ ἔτι βλέποντ ̓ ἐσόψεσθ ̓ αὖθις
Ἀντιγόνη,ὦ τάλαιν᾽ ἐγώ,3,8563,8560,8563,ὦ τάλαιν ̓ ἐγώ
Πολυνείκης,μή τοί μ᾽ ὀδύρου,4,8567,8563,8567,μή ὁ μ ̓ ὀδύρομαι
Ἀντιγόνη,καὶ τίς ἄν σ᾽ ὁρμώμενον εἰς προὖπτον Ἅιδην οὐ καταστένοι κάσι,11,8578,8567,8578,καί τις ἀνά σ ̓ ὁρμάω εἰς πρόοπτος ᾍδης οὐ καταστένω κάσις
Πολυνείκης,εἰ χρή θανοῦμαι,3,8581,8578,8581,εἰ χρή θνήσκω
Ἀντιγόνη,μὴ σύ γ᾽ ἀλλ᾽ ἐμοὶ πιθοῦ,6,8587,8581,8587,μή σύ γ ̓ ἀλλ ̓ ἐγώ πείθω
Πολυνείκης,μὴ πεῖθ᾽ ἃ μὴ δεῖ,5,8592,8587,8592,μή πεῖθ ̓ ὅς μή δεῖ
Ἀντιγόνη,δυστάλαινά τἄρ᾽ ἐγώ εἴ σου στερηθῶ,6,8598,8592,8598,δυστάλαινά τἄρ ̓ ἐγώ εἰ σύ στερέω
Πολυνείκης,ταῦτα δ᾽ ἐν τῷ δαίμονι καὶ τῇδε φῦναι χἀτέρᾳ σφὼ δ᾽ οὖν ἐγὼ θεοῖς ἀρῶμαι μή ποτ᾽ ἀντῆσαι κακῶν ἀνάξιαι γὰρ πᾶσίν ἐστε δυστυχεῖν,24,8622,8598,8622,οὗτος δ ̓ ἐν ὁ δαίμων καί ὅδε φύω ἕτερος σφεῖς δ ̓ οὖν ἐγώ θεός ἀρόω μή ποτ ̓ ἀντάω κακός ἀνάξιος γάρ πᾶσίν εἰμί δυστυχέω
Χορός,νέα τάδε νεόθεν ἦλθέ μοι κακὰ βαρύποτμὰ παρ᾽ ἀλαοῦ ξένου εἴ τι μοῖρα μὴ κιγχάνει μάταν γὰρ οὐδὲν ἀξίωμα δαιμόνων ἔχω φράσαι ὁρᾷ ὁρᾷ ταῦτ᾽ ἀεὶ χρόνος τρέχων μὲν ἕτερα τὰ δὲ παρ᾽ ἦμαρ αὖθις αὔξων ἄνω ἔκτυπεν αἰθήρ ὦ Ζεῦ,41,8663,8622,8663,νέος ὅδε νεόθεν ἦλθέ ἐγώ κακός βαρύποτμὰ παρ ̓ ἀλαός ξένος εἰ τις μοῖρα μή κιχάνω μάτην γάρ οὐδείς ἀξίωμα δαίμων ἔχω φράζω ὁράω ὁράω ταῦτ ̓ ἀεί χρόνος τρέχω μέν ἕτερος ὁ δέ παρ ̓ ἦμαρ αὖθις αὐξάνω ἄνω κτυπέω αἰθήρ ὦ Ζεύς
Οἰδίπους,ὦ τέκνα τέκνα πῶς ἄν εἴ τις ἔντοπος τὸν πάντ᾽ ἄριστον δεῦρο Θησέα πόροι,14,8677,8663,8677,ὦ τέκνον τέκνον πῶς ἀνά εἰ τις ἔντοπος ὁ πάντ ̓ ἄριστος δεῦρο Θησεύς πόρω
Ἀντιγόνη,πάτερ τί δ᾽ ἐστὶ τἀξίωμ᾽ ἐφ᾽ ᾧ καλεῖς,8,8685,8677,8685,πάτηρ τίς δ ̓ εἰμί τἀξίωμ ̓ ἐφ ̓ ὅς καλέω
Οἰδίπους,Διὸς πτερωτὸς ἥδε μ᾽ αὐτίκ᾽ ἄξεται βροντὴ πρὸς Ἅιδην ἀλλὰ πέμψαθ᾽ ὡς τάχος,13,8698,8685,8698,Ζεύς πτερωτὸς ὅδε μ ̓ αὐτίκ ̓ ἄγνυμι βροντὴ πρός ᾍδης ἀλλά πέμψαθ ̓ ὡς τάχος
Χορός,μέγας ἴδε μάλ᾽ ὅδ᾽ ἐρείπεται κτύπος ἄφατος διόβολος ἐς δ᾽ ἄκραν δεῖμ᾽ ὑπῆλθε κρατὸς φόβαν ἔπτηξα θυμόν οὐρανία γὰρ ἀστραπὴ φλέγει πάλιν τί μὰν ἀφήσει τέλος δέδοικα δ᾽ οὐ γὰρ ἅλιον ἀφορμᾷ ποτ᾽ οὐκ ἄνευ ξυμφορᾶς ὦ μέγας αἰθήρ ὦ Ζεῦ,41,8739,8698,8739,μέγας εἶδον μάλ ̓ ὅδ ̓ ἐρείπω κτύπος ἄφατος διόβολος εἰς δ ̓ ἄκρα δεῖμ ̓ ὑπέρχομαι κράς φόβη πτήσσω θυμός οὐράνιος γάρ ἀστραπὴ φλέγω πάλιν τίς μήν ἀφίημι τέλος δείδω δ ̓ οὐ γάρ ἅλιος ἀφορμάω ποτ ̓ οὐ ἄνευ συμφορά ὦ μέγας αἰθήρ ὦ Ζεύς
Οἰδίπους,ὦ παῖδες ἥκει τῷδ᾽ ἐπ᾽ ἀνδρὶ θέσφατος βίου τελευτὴ κοὐκέτ᾽ ἔστ᾽ ἀποστροφή,12,8751,8739,8751,ὦ παῖς ἥκω τῷδ ̓ ἐπ ̓ ἀνήρ θέσφατος βίος τελευτή κοὐκέτ ̓ ἔστ ̓ ἀποστροφή
Ἀντιγόνη,πῶς οἶσθα τῷ δὲ τοῦτο συμβαλὼν ἔχεις,7,8758,8751,8758,πῶς οἶδα ὁ δέ οὗτος συμβάλλω ἔχω
Οἰδίπους,καλῶς κάτοιδ᾽ ἀλλ᾽ ὡς τάχιστά μοι μολὼν ἄνακτα χώρας τῆσδέ τις πορευσάτω,12,8770,8758,8770,καλός κάτοιδ ̓ ἀλλ ̓ ὡς ταχύς ἐγώ βλώσκω ἄναξ χώρα ὅδε τις πορεύω
Χορός,ἔα ἔα ἰδοὺ μάλ᾽ αὖθις ἀμφίσταται διαπρύσιος ὄτοβος ἵλαος ὦ δαίμων ἵλαος εἴ τι γᾷ ματέρι τυγχάνεις ἀφεγγὲς φέρων ἐναισίου δὲ σοῦ τύχοιμι μηδ᾽ ἄλαστον ἄνδρ᾽ ἰδὼν ἀκερδῆ χάριν μετάσχοιμί πως Ζεῦ ἄνα σοὶ φωνῶ,35,8805,8770,8805,εἰμί εἰμί ἰδού μάλ ̓ αὖθις ἀμφίστημι διαπρύσιος ὄτοβος ἴλαος ὦ δαίμων ἴλαος εἰ τις γῆ μήτηρ τυγχάνω ἀφεγγὲς φέρω ἐναίσιος δέ σύ τυγχάνω μηδ ̓ ἄλαστος ἄνδρ ̓ εἶδον ἀκερδής χάρις μετάσχοιμί πως Ζεύς ἀνά σύ φωνέω
Οἰδίπους,ἆρ᾽ ἐγγὺς ἁνήρ ἆρ᾽ ἔτ᾽ ἐμψύχου τέκνα κιχήσεταί μου καὶ κατορθοῦντος φρένα,12,8817,8805,8817,ἆρ ̓ ἐγγύς ἀνήρ ἆρ ̓ ἔτ ̓ ἐμψυχόω τέκνον κιχήσεταί ἐγώ καί κατορθόω φρήν
Ἀντιγόνη,τί δ᾽ ἂν θέλοις τὸ πιστὸν ἐμφῦναι φρενί,8,8825,8817,8825,τίς δ ̓ ἄν ἐθέλω ὁ πιστός ἐμφύω φρήν
Οἰδίπους,ἀνθ᾽ ὧν ἔπασχον εὖ τελεσφόρον χάριν δοῦναί σφιν ἥνπερ τυγχάνων ὑπεσχόμην,11,8836,8825,8836,ἀνθ ̓ ὅς πάσχω εὖ τελεσφόρος χάρις δοῦναί σφεῖς ὅς τυγχάνω ὑπέχω
Χορός,ἰὼ ἰὼ παῖ βᾶθι βᾶθ᾽ εἴτ᾽ ἄκρα περὶ γύαλ᾽ ἐναλίῳ Ποσειδωνίῳ θεῷ τυγχάνεις βούθυτον ἑστίαν ἁγίζων ἱκοῦ ὁ γὰρ ξένος σε καὶ πόλισμα καὶ φίλους ἐπαξιοῖ δικαίαν χάριν παρασχεῖν παθών σπεῦσον ἄϊσσ᾽ ὦναξ,33,8869,8836,8869,ἰώ ἰώ παῖς βαίνω βᾶθ ̓ εἴτ ̓ ἄκρον περί γύαλ ̓ ἐνάλιος Ποσειδωνίῳ θεός τυγχάνω βούθυτος ἑστία ἁγίζω ἱκνέομαι ὁ γάρ ξένος σύ καί πόλισμα καί φίλος ἐπαξιόω δίκαιος χάρις παρέχω πάσχω σπεύδω ἄϊσσ ̓ ἄναξ
Θησεύς,τίς αὖ παρ᾽ ὑμῶν κοινὸς ἠχεῖται κτύπος σαφὴς μὲν ἀστῶν ἐμφανὴς δὲ τοῦ ξένου μή τις Διὸς κεραυνὸς ἤ τις ὀμβρία χάλαζ᾽ ἐπιρράξασα πάντα γὰρ θεοῦ τοιαῦτα χειμάζοντος εἰκάσαι πάρα,30,8899,8869,8899,τις αὖ παρ ̓ σύ κοινός ἠχέω κτύπος σαφής μέν ἀστός ἐμφανὴς δέ ὁ ξένος μή τις Ζεύς κεραυνὸς ἤ τις ὄμβριος χάλαζ ̓ ἐπαράσσω πᾶς γάρ θεός τοιοῦτος χειμάζω εἰκάζω παρά
Οἰδίπους,ἄναξ ποθοῦντι προυφάνης καί σοι θεῶν τύχην τις ἐσθλὴν τῆσδ᾽ ἔθηκε τῆς ὁδοῦ,13,8912,8899,8912,ἄναξ ποθέω προφαίνω καί σύ θεός τύχη τις ἐσθλός τῆσδ ̓ τίθημι ὁ ὁδός
Θησεύς,τί δ᾽ ἐστίν ὦ παῖ Λαΐου νέορτον αὖ,8,8920,8912,8920,τίς δ ̓ εἰμί ὦ παῖς Λάιος νέορτος αὖ
Οἰδίπους,ῥοπὴ βίου μοι καί σ᾽ ἅπερ ξυνῄνεσα θέλω πόλιν τε τήνδε μὴ ψεύσας θανεῖν,14,8934,8920,8934,ῥοπή βίος ἐγώ καί σ ̓ ὅς συναινέω ἐθέλω πόλις τε ὅδε μή ψεύδω θνήσκω
Θησεύς,τῷ δ᾽ ἐκπέπεισαι τοῦ μόρου τεκμηρίῳ,6,8940,8934,8940,ὁ δ ̓ ἐκπέπεισαι ὁ μόρος τεκμήριον
Οἰδίπους,αὐτοὶ θεοὶ κήρυκες ἀγγέλλουσί μοι ψεύδοντες οὐδὲν σῆμα τῶν προκειμένων,10,8950,8940,8950,αὐτός θεός κῆρυξ ἀγγέλλω ἐγώ ψεύδω οὐδείς σῆμα ὁ πρόκειμαι
Θησεύς,πῶς εἶπας ὦ γεραιέ δηλοῦσθαι τάδε,6,8956,8950,8956,πῶς εἶπον ὦ γεραιός δηλόω ὅδε
Οἰδίπους,αἱ πολλὰ βρονταὶ διατελεῖς τὰ πολλά τε στράψαντα χειρὸς τῆς ἀνικήτου βέλη,12,8968,8956,8968,ὁ πολύς βρονταὶ διατελέω ὁ πολύς τε στράπτω χείρ ὁ ἀνίκητος βέλος
Θησεύς,πείθεις με πολλὰ γάρ σε θεσπίζονθ᾽ ὁρῶ κοὐ ψευδόφημα χὤ τι χρὴ ποιεῖν λέγε,14,8982,8968,8982,πείθω ἐγώ πολύς γάρ σύ θεσπίζονθ ̓ ὁράω οὐ ψευδόφημος ὅς τις χρή ποιέω λέγω
Οἰδίπους,ἐγὼ διδάξω τέκνον Αἰγέως ἅ σοι γήρως ἄλυπα τῇδε κείσεται πόλει χῶρον μὲν αὐτὸς αὐτίκ᾽ ἐξηγήσομαι ἄθικτος ἡγητῆρος οὗ με χρὴ θανεῖν τοῦτον δὲ φράζε μή ποτ᾽ ἀνθρώπων τινί μήθ᾽ οὗ κέκευθε μήτ᾽ ἐν οἷς κεῖται τόποις ὥς σοι πρὸ πολλῶν ἀσπίδων ἀλκὴν ὅδε δορός τ᾽ ἐπακτοῦ γειτονῶν ἀεὶ τιθῇ ἃ δ᾽ ἐξάγιστα μηδὲ κινεῖται λόγῳ αὐτὸς μαθήσει κεῖσ᾽ ὅταν μόλῃς μόνος ὡς οὔτ᾽ ἂν ἀστῶν τῶνδ᾽ ἂν ἐξείποιμί τῳ οὔτ᾽ ἂν τέκνοισι τοῖς ἐμοῖς στέργων ὅμως ἀλλ᾽ αὐτὸς αἰεὶ σῷζε χὤταν εἰς τέλος τοῦ ζῆν ἀφικνῇ τῷ προφερτάτῳ μόνῳ σήμαιν᾽ ὁ δ᾽ αἰεὶ τὠπιόντι δεικνύτω χοὔτως ἀδῇον τήνδ᾽ ἐνοικήσεις πόλιν σπαρτῶν ἀπ᾽ ἀνδρῶν αἱ δὲ μυρίαι πόλεις κἂν εὖ τις οἰκῇ ῥᾳδίως καθύβρισαν θεοὶ γὰρ εὖ μέν ὀψὲ δ᾽ εἰσορῶσ᾽ ὅταν τὰ θεῖ᾽ ἀφείς τις εἰς τὸ μαίνεσθαι τραπῇ ὃ μὴ σύ τέκνον Αἰγέως βούλου παθεῖν τὰ μὲν τοιαῦτ᾽ οὖν εἰδότ᾽ ἐκδιδάσκομεν χῶρον δ᾽ ἐπείγει γάρ με τοὐκ θεοῦ παρόν στείχωμεν ἤδη μηδ᾽ ἔτ᾽ ἐντρεπώμεθα ὦ παῖδες ὧδ᾽ ἕπεσθ᾽ ἐγὼ γὰρ ἡγεμὼν σφῷν αὖ πέφασμαι καινός ὥσπερ σφὼ πατρί χωρεῖτε καὶ μὴ ψαύετ᾽ ἀλλ᾽ ἐᾶτέ με αὐτὸν τὸν ἱερὸν τύμβον ἐξευρεῖν ἵνα μοῖρ᾽ ἀνδρὶ τῷδε τῇδε κρυφθῆναι χθονί τῇδ᾽ ὧδε τῇδε βᾶτε τῇδε γάρ μ᾽ ἄγει Ἑρμῆς ὁ πομπὸς ἥ τε νερτέρα θεός ὦ φῶς ἀφεγγές πρόσθε πού ποτ᾽ ἦσθ᾽ ἐμόν νῦν δ᾽ ἔσχατόν σου τοὐμὸν ἅπτεται δέμας ἤδη γὰρ ἕρπω τὸν τελευταῖον βίον κρύψων παρ᾽ Ἅιδην ἀλλά φίλτατε ξένων αὐτός τε χώρα θ᾽ ἥδε πρόσπολοί τε σοὶ εὐδαίμονες γένοισθε κἀπ᾽ εὐπραξίᾳ μέμνησθέ μου θανόντος εὐτυχεῖς ἀεί,248,9230,8982,9230,ἐγώ διδάσκω τέκνον Αἰγέως ὅς σύ γῆρας ἄλυπον ὅδε κεῖμαι πόλις χῶρος μέν αὐτός αὐτίκ ̓ ἐξηγέομαι ἄθικτος ἡγητήρ ἵημι ἐγώ χρή θνήσκω οὗτος δέ φράζω μή ποτ ̓ ἄνθρωπος τις μήθ ̓ ἵημι κεύθω μήτ ̓ ἐν ὅς κεῖμαι τόπος ὡς σύ πρό πολύς ἀσπίς ἀλκή ὅδε δόρυ τ ̓ πακτόω γειτονέω ἀεί τίθημι ὅς δ ̓ ἐξάγιστος μηδέ κινέω λόγος αὐτός μανθάνω κεῖσ ̓ ὅταν βλώσκω μόνος ὡς οὔτ ̓ ἄν ἀστός τῶνδ ̓ ἄν ἐξείποιμί τις οὔτ ̓ ἄν τέκνον ὁ ἐμός στέργω ὅμως ἀλλ ̓ αὐτός ἀεί σώζω ὅταν εἰς τέλος ὁ ζάω ἀφικνέομαι ὁ προφερής μόνος σήμαιν ̓ ὁ δ ̓ ἀεί ἄπειμι1 δείκνυμι οὕτως ἀδήιος τήνδ ̓ ἐνοικέω πόλις σπαρτός ἀπ ̓ ἀνήρ ὁ δέ μυρίος πόλις κἀν εὖ τις οἰκέω ῥᾴδιος καθυβρίζω θεός γάρ εὖ μέν ὀψέ δ ̓ εἰσορῶσ ̓ ὅταν ὁ θεῖ ̓ ἀφίημι τις εἰς ὁ μαίνομαι τέρπω ὁ μή σύ τέκνον Αἰγέως βούλομαι πάσχω ὁ μέν τοιαῦτ ̓ οὖν εἰδότ ̓ ἐκδιδάσκω χῶρος δ ̓ ἐπείγω γάρ ἐγώ οὐ θεός πάρειμι στείχω ἤδη μηδ ̓ ἔτ ̓ ἐντρέπω ὦ παῖς ὧδ ̓ ἕπεσθ ̓ ἐγώ γάρ ἡγεμών σύ αὖ φαίνω καινός ὥσπερ σφεῖς πατήρ χωρέω καί μή ψαύετ ̓ ἀλλ ̓ ἐάω ἐγώ αὐτός ὁ ἱερός τύμβος ἐξευρίσκω ἵνα μοῖρ ̓ ἀνήρ ὅδε ὅδε κρύπτω χθών τῇδ ̓ ὧδε ὅδε βαίνω ὅδε γάρ μ ̓ ἄγω Ἑρμῆς ὁ πομπός ὅς τε νέρτερος θεός ὦ φάος ἀφεγγής πρόσθεν πού ποτ ̓ ἦσθ ̓ ἐμός νῦν δ ̓ ἔσχατόν σύ ἐμός ἅπτω δέμας ἤδη γάρ ἕρπω ὁ τελευταῖος βίος κρύπτω παρ ̓ ᾍδης ἀλλά φίλτατος ξένος αὐτός τε χώρα θ ̓ ὅδε πρόσπολοί τε σύ εὐδαίμων γίγνομαι κἀπ ̓ εὐπραξία μέμνησθέ ἐγώ θνήσκω εὐτυχής ἀεί
Χορός,εἰ θέμις ἐστί μοι τὰν ἀφανῆ θεὸν καὶ σὲ λιταῖς σεβίζειν ἐννυχίων ἄναξ Αἰδωνεῦ Αἰδωνεῦ λίσσωμαι ἄπονα μήτ᾽ ἐπὶ βαρυαχεῖ ξένον ἐξανύσαι μόρῳ τὰν παγκευθῆ κάτω νεκρῶν πλάκα καὶ Στύγιον δόμον πολλῶν γὰρ ἂν καὶ μάταν πημάτων ἱκνουμένων πάλιν σφε δαίμων δίκαιος αὔξοι,43,9273,9230,9273,εἰ θέμις εἰμί ἐγώ ὁ ἀφανής θεός καί σύ λιτή σεβίζω ἐννύχιος ἄναξ Αἰδωνεῦ Αἰδωνεῦ λίσσομαι ἄπονος μήτ ̓ ἐπί βαρυηχής ξένος ἐξανύω μόρος ὁ παγκευθής κάτω νεκρός πλάξ καί Στύγιον δόμος πολύς γάρ ἄν καί μάτην πῆμα ἱκνέομαι πάλιν σφεῖς δαίμων δίκαιος αὐξάνω
Χορός,ὦ χθόνιαι θεαὶ σῶμά τ᾽ ἀνικάτου θηρός ὃν ἐν πύλαισι ταῖσι πολυξένοις εὐνᾶσθαι κνυζεῖσθαί τ᾽ ἐξ ἄντρων ἀδάματον φύλακα παρ᾽ Ἁίδᾳ λόγος αἰὲν ἔχει τόν ὦ Γᾶς παῖ καὶ Ταρτάρου κατεύχομαι ἐν καθαρῷ βῆναι ὁρμωμένῳ νερτέρας τῷ ξένῳ νεκρῶν πλάκας σέ τοι κικλήσκω τὸν αἰένυπνον,45,9318,9273,9318,ὦ χθόνιος θεά σῶμα τ ̓ ἀνίκητος θήρ ὅς ἐν πύλη ὁ πολύξενος εὐνάω κνυζεῖσθαί τ ̓ ἐκ ἄντρον ἀδάματος φύλαξ παρ ̓ Ἁίδᾳ λόγος ἀεί ἔχω ὁ ὦ γῆ παῖς καί Τάρταρος κατεύχομαι ἐν καθαρός βαίνω ὁρμάω νέρτερος ὁ ξένος νεκρός πλάξ σύ σύ κικλήσκω ὁ αἰένυπνος
Ἄγγελος,ἄνδρες πολῖται ξυντομωτάτως μὲν ἂν τύχοιμι λέξας Οἰδίπουν ὀλωλότα ἃ δ᾽ ἦν τὰ πραχθέντ᾽ οὔθ᾽ ὁ μῦθος ἐν βραχεῖ φράσαι πάρεστιν οὔτε τἄργ᾽ ὅσ᾽ ἦν ἐκεῖ,26,9344,9318,9344,ἀνήρ πολίτης σύντομος μέν ἄν τυγχάνω λέγω Οἰδίπους ὄλλυμι ὅς δ ̓ εἰμί ὁ πραχθέντ ̓ οὔθ ̓ ὁ μῦθος ἐν βραχύς φράζω πάρειμι οὔτε τἄργ ̓ ὅσ ̓ εἰμί ἐκεῖ
Χορός,ὄλωλε γὰρ δύστηνος,3,9347,9344,9347,ὄλλυμι γάρ δύστηνος
Ἄγγελος,ὡς λελοιπότα κεῖνον τὸν ἀεὶ βίοτον ἐξεπίστασο,7,9354,9347,9354,ὡς λείπω ἐκεῖνος ὁ ἀεί βίοτος ἐξεπίσταμαι
Χορός,πῶς ἆρα θείᾳ κἀπόνῳ τάλας τύχῃ,6,9360,9354,9360,πῶς ἆρα θεῖος ἄπονος τάλας τύχη
Ἄγγελος,ταῦτ᾽ ἐστὶν ἤδη κἀποθαυμάσαι πρέπον ὡς μὲν γὰρ ἐνθένδ᾽ εἷρπε καὶ σύ που παρὼν ἔξοισθ᾽ ὑφηγητῆρος οὐδενὸς φίλων ἀλλ᾽ αὐτὸς ἡμῖν πᾶσιν ἐξηγούμενος ἐπεὶ δ᾽ ἀφῖκτο τὸν καταρράκτην ὀδὸν χαλκοῖς βάθροισι γῆθεν ἐρριζωμένον ἔστη κελεύθων ἐν πολυσχίστων μιᾷ κοίλου πέλας κρατῆρος οὗ τὰ Θησέως Περίθου τε κεῖται πίστ᾽ ἀεὶ ξυνθήματα ἀφ᾽ οὗ μέσος στὰς τοῦ τε Θορικίου πέτρου κοίλης τ᾽ ἀχέρδου κἀπὸ λαΐνου τάφου καθέζετ᾽ εἶτ᾽ ἔλυσε δυσπινεῖς στολάς κἄπειτ᾽ ἀΰσας παῖδας ἠνώγει ῥυτῶν ὑδάτων ἐνεγκεῖν λουτρὰ καὶ χοάς ποθεν τὼ δ᾽ εὐχλόου Δήμητρος εἰς προσόψιον πάγον μολοῦσαι τάσδ᾽ ἐπιστολὰς πατρὶ ταχεῖ πόρευσαν σῦν χρόνῳ λουτροῖς τέ νιν ἐσθῆτί τ᾽ ἐξήσκησαν ᾗ νομίζεται ἐπεὶ δὲ παντὸς εἶχε δρῶντος ἡδονὴν κοὐκ ἦν ἔτ᾽ οὐδὲν ἀργὸν ὧν ἐφίετο κτύπησε μὲν Ζεὺς χθόνιος αἱ δὲ παρθένοι ῥίγησαν ὡς ἤκουσαν ἐς δὲ γούνατα πατρὸς πεσοῦσαι κλαιον οὐδ᾽ ἀνίεσαν στέρνων ἀραγμοὺς οὐδὲ παμμήκεις γόους ὁ δ᾽ ὡς ἀκούει φθόγγον ἐξαίφνης πικρόν πτύξας ἐπ᾽ αὐταῖς χεῖρας εἶπεν ὦ τέκνα οὐκ ἔστ᾽ ἔθ᾽ ὑμῖν τῇδ᾽ ἐν ἡμέρᾳ πατήρ ὄλωλε γὰρ δὴ πάντα τἀμά κοὐκέτι τὴν δυσπόνητον ἕξετ᾽ ἀμφ᾽ ἐμοὶ τροφήν σκληρὰν μέν οἶδα παῖδες ἀλλ᾽ ἓν γὰρ μόνον τὰ πάντα λύει ταῦτ᾽ ἔπος μοχθήματα τὸ γὰρ φιλεῖν οὐκ ἔστιν ἐξ ὅτου πλέον ἢ τοῦδε τἀνδρὸς ἔσχεθ᾽ οὗ τητώμεναι τὸ λοιπὸν ἤδη τὸν βίον διάζετον,207,9567,9360,9567,ταῦτ ̓ εἰμί ἤδη ἀποθαυμάζω πρέπω ὡς μέν γάρ ἐνθένδ ̓ ἕρπω καί σύ πού πάρειμι ἔξοισθ ̓ ὑφηγητήρ οὐδείς φίλος ἀλλ ̓ αὐτός ἐγώ πᾶς ἐξηγέομαι ἐπεί δ ̓ ἀφικνέομαι ὁ καταρράκτης ὀδὸν χάλκεος βάθρον γῆθεν ῥιζόω ἵστημι κέλευθος ἐν πολύσχιστος εἷς κόιλος πέλας κρατήρ ἵημι ὁ Θησεύς Περίθου τε κεῖμαι πίστ ̓ ἀεί σύνθημα ἀφ ̓ ἵημι μέσος ἵστημι ὁ τε Θορικίου πέτρος κοῖλος τ ̓ ἄχερδος ἀπό λαΐνου τάφος καθέζετ ̓ εἶτ ̓ λύω δυσπινής στολή κἄπειτ ̓ αὔω παῖς ἄνωγα ῥυτός ὕδωρ φέρω λουτρόν καί χοή ποθεν ὁ δ ̓ εὔχλοος Δημήτηρ εἰς προσόψιος πάγος βλώσκω τάσδ ̓ ἐπιστολή πατήρ ταχύς πορεύω ὗς χρόνος λουτρόν τε νιν ἐσθῆτί τ ̓ ἐξασκέω ἵημι νομίζω ἐπεί δέ πᾶς ἔχω δράω ἡδονή οὐ εἰμί ἔτ ̓ οὐδείς ἀργός ὅς ἐφίημι κτυπέω μέν Ζεύς χθόνιος ὁ δέ παρθένος ῥιγέω ὡς ἀκούω εἰς δέ γόνυ πατήρ πίπτω κλαιον οὐδ ̓ ἀνίημι στέρνον ἀραγμοὺς οὐδέ παμμήκης γόος ὁ δ ̓ ὡς ἀκούω φθόγγος ἐξαίφνης πικρός πτύσσω ἐπ ̓ αὐτός χείρ εἶπον ὦ τέκνον οὐ ἔστ ̓ ἔθ ̓ σύ τῇδ ̓ ἐν ἡμέρα πατήρ ὄλλυμι γάρ δή πᾶς ἐμός οὐκέτι ὁ δυσπόνητος ἕξετ ̓ ἀμφ ̓ ἐγώ τροφή σκληρός μέν οἶδα παῖς ἀλλ ̓ εἷς γάρ μόνος ὁ πᾶς λύω ταῦτ ̓ ἔπος μόχθημα ὁ γάρ φιλέω οὐ εἰμί ἐκ ὅστις πλείων ἤ ὅδε ἀνήρ ἔσχεθ ̓ ἵημι τητάομαι ὁ λοιπός ἤδη ὁ βίος διάζετον
Ἄγγελος,ἐπ᾽ ἀλλήλοισιν ἀμφικείμενοι λύγδην ἔκλαιον πάντες ὡς δὲ πρὸς τέλος γόων ἀφίκοντ᾽ οὐδ᾽ ἔτ᾽ ὠρώρει βοή ἦν μὲν σιωπή φθέγμα δ᾽ ἐξαίφνης τινὸς θώϋξεν αὐτόν ὥστε πάντας ὀρθίας στῆσαι φόβῳ δείσαντας ἐξαίφνης τρίχας καλεῖ γὰρ αὐτὸν πολλὰ πολλαχῇ θεός ὦ οὗτος οὗτος Οἰδίπους τί μέλλομεν χωρεῖν πάλαι δὴ τἀπὸ σοῦ βραδύνεται ὁ δ᾽ ὡς ἐπῄσθετ᾽ ἐκ θεοῦ καλούμενος αὐδᾷ μολεῖν οἱ γῆς ἄνακτα Θησέα κἀπεὶ προσῆλθεν εἶπεν ὦ φίλον κάρα δός μοι χερὸς σῆς πίστιν ὁρκίαν τέκνοις ὑμεῖς τε παῖδες τῷδε καὶ καταίνεσον μήποτε προδώσειν τάσδ᾽ ἑκών τελεῖν δ᾽ ὅσ᾽ ἂν μέλλῃς φρονῶν εὖ ξυμφέροντ᾽ αὐτοῖς ἀεί ὁ δ᾽ ὡς ἀνὴρ γενναῖος οὐκ οἴκτου μέτα κατῄνεσεν τάδ᾽ ὅρκιος δράσειν ξένῳ ὅπως δὲ ταῦτ᾽ ἔδρασεν εὐθὺς Οἰδίπους ψαύσας ἀμαυραῖς χερσὶν ὧν παίδων λέγει ὦ παῖδε τλάσας χρὴ τὸ γενναῖον φρενὶ χωρεῖν τόπων ἐκ τῶνδε μηδ᾽ ἃ μὴ θέμις λεύσσειν δικαιοῦν μηδὲ φωνούντων κλύειν ἀλλ᾽ ἕρπεθ᾽ ὡς τάχιστα πλὴν ὁ κύριος Θησεὺς παρέστω μανθάνων τὰ δρώμενα τοσαῦτα φωνήσαντος εἰσηκούσαμεν ξύμπαντες ἀστακτὶ δὲ σὺν ταῖς παρθένοις στένοντες ὡμαρτοῦμεν ὡς δ᾽ ἀπήλθομεν χρόνῳ βραχεῖ στραφέντες ἐξαπείδομεν τὸν ἄνδρα τὸν μὲν οὐδαμοῦ παρόντ᾽ ἔτι ἄνακτα δ᾽ αὐτὸν ὀμμάτων ἐπίσκιον χεῖρ᾽ ἀντέχοντα κρατός ὡς δεινοῦ τινος φόβου φανέντος οὐδ᾽ ἀνασχετοῦ βλέπειν ἔπειτα μέντοι βαιὸν οὐδὲ σὺν χρόνῳ ὁρῶμεν αὐτὸν γῆν τε προσκυνοῦνθ᾽ ἅμα καὶ τὸν θεῶν Ὄλυμπον ἐν ταὐτῷ λόγῳ μόρῳ δ᾽ ὁποίῳ κεῖνος ὤλετ᾽ οὐδ᾽ ἂν εἷς θνητῶν φράσειε πλὴν τὸ Θησέως κάρα οὐ γάρ τις αὐτὸν οὔτε πυρφόρος θεοῦ κεραυνὸς ἐξέπραξεν οὔτε ποντία θύελλα κινηθεῖσα τῷ τότ᾽ ἐν χρόνῳ ἀλλ᾽ ἤ τις ἐκ θεῶν πομπὸς ἢ τὸ νερτέρων εὔνουν διαστὰν γῆς ἀλύπητον βάθρον ἁνὴρ γὰρ οὐ στενακτὸς οὐδὲ σὺν νόσοις ἀλγεινὸς ἐξεπέμπετ᾽ ἀλλ᾽ εἴ τις βροτῶν θαυμαστός εἰ δὲ μὴ δοκῶ φρονῶν λέγειν οὐκ ἂν παρείμην οἷσι μὴ δοκῶ φρονεῖν,286,9853,9567,9853,ἐπ ̓ ἀλλήλων ἀμφίκεῖμαι λύγδην κλαίω πᾶς ὡς δέ πρός τέλος γόος ἀφίκοντ ̓ οὐδ ̓ ἔτ ̓ ὄρνυμι βοή εἰμί μέν σιωπή φθέγμα δ ̓ ἐξαίφνης τις θωύσσω αὐτός ὥστε πᾶς ὄρθιος ἵστημι φόβος δείδω ἐξαίφνης θρίξ καλέω γάρ αὐτός πολύς πολλαχῆ θεός ὦ οὗτος οὗτος Οἰδίπους τίς μέλλω χωρέω πάλαι δή ἀπό σύ βραδύνω ὁ δ ̓ ὡς ἐπῄσθετ ̓ ἐκ θεός καλέω αὐδάω βλώσκω ὁ γῆ ἄναξ Θησεύς ἐπεί προσέρχομαι εἶπον ὦ φίλος κάρα δίδωμι ἐγώ χείρ σός πίστις ὅρκιος τέκνον σύ τε παῖς ὅδε καί καταινέω μήποτε προδίδωμι τάσδ ̓ ἑκών τελέω δ ̓ ὅσ ̓ ἄν μέλλω φρονέω εὖ ξυμφέροντ ̓ αὐτός ἀεί ὁ δ ̓ ὡς ἀνήρ γενναῖος οὐ οἶκτος μετά καταινέω τάδ ̓ ὅρκιος δράω ξένος ὅπως δέ ταῦτ ̓ δράω εὐθύς Οἰδίπους ψαύω ἀμαυρός χείρ ὅς παῖς λέγω ὦ παῖς τλάω χρή ὁ γενναῖος φρήν χωρέω τόπος ἐκ ὅδε μηδ ̓ ὅς μή θέμις λεύσσω δικαιόω μηδέ φωνέω κλύω ἀλλ ̓ ἕρπεθ ̓ ὡς ταχύς πλήν ὁ κύριος Θησεύς παρίστημι μανθάνω ὁ δράω τοσοῦτος φωνέω εἰσακούω σύμπας ἀστακτὶ δέ σύν ὁ παρθένος στένω ὁμαρτέω ὡς δ ̓ ἀπέρχομαι χρόνος βραχύς στράπτω ἐξαπεῖδον ὁ ἀνήρ ὁ μέν οὐδαμοῦ παρόντ ̓ ἔτι ἄναξ δ ̓ αὐτός ὄμμα ἐπίσκιος χεῖρ ̓ ἀντέχω κράς ὡς δεινός τις φόβος φαίνω οὐδ ̓ ἀνασχετός βλέπω ἔπειτα μέντοι βαιός οὐδέ σύν χρόνος ὁράω αὐτός γῆ τε προσκυνοῦνθ ̓ ἅμα καί ὁ θεός Ὄλυμπος ἐν ταὐτός λόγος μόρος δ ̓ ὁποῖος ἐκεῖνος ὤλετ ̓ οὐδ ̓ ἄν εἷς θνητός φράζω πλήν ὁ Θησεύς κάρα οὐ γάρ τις αὐτός οὔτε πυρφόρος θεός κεραυνὸς ἐκπράσσω οὔτε πόντιος θύελλα κινέω ὁ τότ ̓ ἐν χρόνος ἀλλ ̓ ἤ τις ἐκ θεός πομπός ἤ ὁ νέρτερος εὔνους διαστὰν γῆ ἀλύπητος βάθρον ἀνήρ γάρ οὐ στενακτὸς οὐδέ σύν νόσος ἀλγεινός ἐξεπέμπετ ̓ ἀλλ ̓ εἰ τις βροτός θαυμαστός εἰ δέ μή δοκέω φρονέω λέγω οὐ ἄν παρίημι ὅς μή δοκέω φρονέω
Χορός,ποῦ δ᾽ αἵ τε παῖδες χοἰ προπέμψαντες φίλων,8,9861,9853,9861,ποῦ δ ̓ ὅς τε παῖς ὁ προπέμπω φίλος
Ἄγγελος,αἵδ᾽ οὐχ ἑκάς γόων γὰρ οὐκ ἀσήμονες φθόγγοι σφε σημαίνουσι δεῦρ᾽ ὁρμωμένας,12,9873,9861,9873,αἵδ ̓ οὐ ἑκάς γόος γάρ οὐ ἄσημος φθόγγος σφεῖς σημαίνω δεῦρ ̓ ὁρμάω
Ἀντιγόνη,αἰαῖ φεῦ ἔστιν ἔστι νῷν δὴ οὐ τὸ μέν ἄλλο δὲ μή πατρὸς ἔμφυτον ἄλαστον αἷμα δυσμόροιν στενάζειν ᾧτινι τὸν πολὺν ἄλλοτε μὲν πόνον ἔμπεδον εἴχομεν ἐν πυμάτῳ δ᾽ ἀλόγιστα παροίσομεν ἰδόντε καὶ παθόντε,34,9907,9873,9907,αἰαῖ φεῦ εἰμί εἰμί ἐγώ δή οὐ ὁ μέν ἄλλος δέ μή πατήρ ἔμφυτος ἄλαστος αἷμα δύσμορος στενάζω ὅστις ὁ πολύς ἄλλοτε μέν πόνος ἔμπεδος ἔχω ἐν πύματος δ ̓ ἀλόγιστος παραφέρω εἶδον καί πάσχω
Χορός,τί δ᾽ ἔστιν,3,9910,9907,9910,τίς δ ̓ εἰμί
Ἀντιγόνη,ἔστιν μὲν εἰκάσαι φίλοι,4,9914,9910,9914,εἰμί μέν εἰκάζω φίλος
Ἀντιγόνη,ὡς μάλιστ᾽ ἂν ἐν πόθῳ λάβοις τί γάρ ὅτῳ μήτ᾽ Ἄρης μήτε πόντος ἀντέκυρσεν ἄσκοποι δὲ πλάκες ἔμαρψαν ἐν ἀφανεῖ τινι μόρῳ φερόμενον τάλαινα νῶν δ᾽ ὀλεθρία νὺξ ἐπ᾽ ὄμμασιν βέβακε πῶς γὰρ ἤ τιν᾽ ἀπίαν γᾶν ἢ πόντιον κλύδων᾽ ἀλώμεναι βίου δύσοιστον ἕξομεν τροφάν,45,9959,9914,9959,ὡς μάλιστ ̓ ἄν ἐν πόθος λαμβάνω τίς γάρ ὅστις μήτ ̓ Ἄρης μήτε πόντος ἀντικύρω ἄσκοπος δέ πλάξ μάρπτω ἐν ἀφανής τις μόρος φέρω τάλας νέω δ ̓ ὀλέθριος νύξ ἐπ ̓ ὄμμα βαίνω πῶς γάρ ἤ τιν ̓ ἄπιος γῆ ἤ πόντιος κλύδων ̓ ἀλάομαι βίος δύσοιστος ἔχω τροφή
Ἰσμήνη,οὐ κάτοιδα κατά με φόνιος Ἀΐδας ἕλοι πατρὶ ξυνθανεῖν γεραιῷ τάλαιναν ὡς ἔμοιγ᾽ ὁ μέλλων βίος οὐ βιωτός,18,9977,9959,9977,οὐ κάτοιδα κατά ἐγώ φόνιος Ἀΐδας αἱρέω πατήρ συνθνήσκω γεραιός τάλας ὡς ἔμοιγ ̓ ὁ μέλλω βίος οὐ βιωτός
Χορός,ὦ διδύμα τέκνων ἀρίστα τὸ φέρον ἐκ θεοῦ φέρειν μηδὲν ἄγαν φλέγεσθον οὔ τοι κατάμεμπτ᾽ ἔβητον,16,9993,9977,9993,ὦ δίδυμος τέκνον ἄριστος ὁ φέρω ἐκ θεός φέρω μηδείς ἄγαν φλέγω οὐ σύ κατάμεμπτ ̓ βαίνω
Ἀντιγόνη,πόθος τοὶ καὶ κακῶν ἄρ᾽ ἦν τις καὶ γὰρ ὃ μηδαμὰ δὴ φίλον ἦν φίλον ὁπότε γε καὶ τὸν ἐν χεροῖν κατεῖχον ὦ πάτερ ὦ φίλος ὦ τὸν ἀεὶ κατὰ γᾶς σκότον εἱμένος οὐδέ γ᾽ ἔνερθ᾽ ἀφίλητος ἐμοί ποτε καὶ τᾷδε μὴ κυρήσῃς,43,10036,9993,10036,πόθος ὁ καί κακός ἄρ ̓ εἰμί τις καί γάρ ὁ μηδαμός δή φίλος εἰμί φίλος ὁπότε γε καί ὁ ἐν χείρ κατέχω ὦ πάτηρ ὦ φίλος ὦ ὁ ἀεί κατά γῆ σκότος ἕννυμι οὐδέ γ ̓ ἔνερθ ̓ ἀφίλητος ἐγώ ποτέ καί ὅδε μή κυρέω
Ἀντιγόνη,ἔπραξεν οἷον ἤθελεν,3,10039,10036,10039,πράσσω οἷος ἐθέλω
Χορός,τὸ ποῖον,2,10041,10039,10041,ὁ ποῖος
Ἀντιγόνη,ἇς ἔχρῃζε γᾶς ἐπὶ ξένας ἔθανε κοίταν δ᾽ ἔχει νέρθεν εὐσκίαστον αἰέν οὐδὲ πένθος ἔλιπ᾽ ἄκλαυτον ἀνὰ γὰρ ὄμμα σε τόδ᾽ ὦ πάτερ ἐμὸν στένει δακρῦον οὐδ᾽ ἔχω πῶς με χρὴ τὸ σὸν τάλαιναν ἀφανίσαι τοσόνδ᾽ ἄχος ὤμοι γᾶς ἐπὶ ξένας θανεῖν ἔχρῃζες ἀλλ᾽ ἔρημος ἔθανες ὧδέ μοι,48,10089,10041,10089,ὅς χρήιζω γῆ ἐπί ξένη θνήσκω κοίτη δ ̓ ἔχω ἔνερθε εὐσκίαστος ἀεί οὐδέ πένθος ἔλιπ ̓ ἄκλαυστος ἀνά γάρ ὄμμα σύ τόδ ̓ ὦ πάτηρ ἐμός στένω δακρύω οὐδ ̓ ἔχω πῶς ἐγώ χρή ὁ σός τάλας ἀφανίζω τοσόνδ ̓ ἄχος ὤμοι γῆ ἐπί ξένη θνήσκω χρήιζω ἀλλ ̓ ἐρῆμος θνήσκω ὧδε ἐγώ
Ἰσμήνη,ὦ τάλαινα τίς ἄρα με πότμος αὖθις ὧδ᾽ * ἐπαμμένει σέ τ᾽ ὦ φίλα τὰς πατρὸς ὧδ᾽ ἐρήμας,18,10107,10089,10107,ὦ τάλας τις ἄρα ἐγώ πότμος αὖθις ὧδ ̓ punc ἐπαμμένω σύ τ ̓ ὦ φίλος ὁ πατήρ ὧδ ̓ ἐρῆμος
Χορός,ἀλλ᾽ ἐπεὶ ὀλβίως γ᾽ ἔλυσεν τὸ τέλος ὦ φίλαι βίου λήγετε τοῦδ᾽ ἄχους κακῶν γὰρ δυσάλωτος οὐδείς,17,10124,10107,10124,ἀλλ ̓ ἐπεί ὄλβιος γ ̓ ἐλύω ὁ τέλος ὦ φίλος βίος λήγω τοῦδ ̓ ἄχος κακός γάρ δυσάλωτος οὐδείς
Ἀντιγόνη,πάλιν φίλα συθῶμεν,3,10127,10124,10127,πάλιν φίλος σεύω
Ἰσμήνη,ὡς τί ῥέξομεν,3,10130,10127,10130,ὡς τίς ῥέζω
Ἀντιγόνη,ἵμερος ἔχει με,3,10133,10130,10133,ἵμερος ἔχω ἐγώ
Ἀντιγόνη,τὰν χθόνιον ἑστίαν ἰδεῖν,4,10137,10133,10137,ὁ χθόνιος ἑστία εἶδον
Ἀντιγόνη,πατρός τάλαιν᾽ ἐγώ,3,10140,10137,10140,πατήρ τάλαιν ̓ ἐγώ
Ἰσμήνη,θέμις δὲ πῶς τάδ᾽ ἐστί μῶν οὐχ ὁρᾷς,8,10148,10140,10148,θέμις δέ πῶς τάδ ̓ εἰμί μῶν οὐ ὁράω
Ἀντιγόνη,τί τόδε ἐπέπληξας,3,10151,10148,10151,τίς ὅδε ἐπιπλήσσω
Ἰσμήνη,καὶ τόδ᾽ ὡς,3,10154,10151,10154,καί τόδ ̓ ὡς
Ἀντιγόνη,τί τόδε μάλ᾽ αὖθις,4,10158,10154,10158,τίς ὅδε μάλ ̓ αὖθις
Ἰσμήνη,ἄταφος ἔπιτνε δίχα τε παντός,5,10163,10158,10163,ἄταφος πίπτω δίχα τε πᾶς
Ἀντιγόνη,ἄγε με καὶ τότ᾽ ἐπενάριξον,5,10168,10163,10168,ἄγε ἐγώ καί τότ ̓ ἐπεναρίζω
Ἰσμήνη,αἰαῖ δυστάλαινα ποῦ δῆτ᾽ αὖθις ὧδ᾽ ἔρημος ἄπορος αἰῶνα τλάμον᾽ ἕξω,11,10179,10168,10179,αἰαῖ δυστάλας ποῦ δῆτ ̓ αὖθις ὧδ ̓ ἐρῆμος ἄπορος αἰών τλάμον ̓ ἔχω
Χορός,φίλαι τρέσητε μηδέν,3,10182,10179,10182,φίλος τρέω μηδείς
Ἀντιγόνη,ἀλλὰ ποῖ φύγω,3,10185,10182,10185,ἀλλά ποῖ φεύγω
Χορός,καὶ πάρος ἀπέφυγε,3,10188,10185,10188,καί πάρος ἀποφεύγω
Χορός,τὰ σφῷν τὸ μὴ πίτνειν κακῶς,6,10194,10188,10194,ὁ σύ ὁ μή πίπτω κακός
Χορός,τί δῆθ᾽ ὅπερ νοεῖς,4,10198,10194,10198,τίς δῆθ ̓ ὅσπερ νοέω
Ἀντιγόνη,ὅπως μολούμεθ᾽ ἐς δόμους οὐκ ἔχω,6,10204,10198,10204,ὅπως μολούμεθ ̓ εἰς δόμος οὐ ἔχω
Χορός,μηδέ γε μάτευε,3,10207,10204,10207,μηδέ γε ματεύω
Ἀντιγόνη,μόγος ἔχει,2,10209,10207,10209,μόγος ἔχω
Χορός,καὶ πάρος ἐπεῖχε,3,10212,10209,10212,καί πάρος ἐπέχω
Ἀντιγόνη,τοτὲ μὲν ἄπορα τοτὲ δ᾽ ὕπερθεν,6,10218,10212,10218,τοτέ μέν ἄπορος τοτέ δ ̓ ὕπερθεν
Χορός,μέγ᾽ ἄρα πέλαγος ἐλάχετόν τι,5,10223,10218,10223,μέγ ̓ ἄρα πέλαγος ἐλάχετόν τις
Ἀντιγόνη,ναὶ ναί,2,10225,10223,10225,ναί ναί
Χορός,ξύμφημι καὐτός,2,10227,10225,10227,σύμφημι αὐτός
Ἀντιγόνη,αἰαῖ ποῖ μόλωμεν ὦ Ζεῦ ἐλπίδων γὰρ ἐς τίν᾽ ἔτι με δαίμων τανῦν γ᾽ ἐλαύνει,15,10242,10227,10242,αἰαῖ ποῖ βλώσκω ὦ Ζεύς ἐλπίς γάρ εἰς τίν ̓ ἔτι ἐγώ δαίμων τανῦν γ ̓ ἐλαύνω
Θησεύς,παύετε θρήνων παῖδες ἐν οἷς γὰρ χάρις ἡ χθονία ξύν᾽ ἀπόκειται πενθεῖν οὐ χρή νέμεσις γάρ,16,10258,10242,10258,παύω θρῆνος παῖς ἐν ὅς γάρ χάρις ὁ χθόνιος ξύν ̓ ἀπόκειμαι πενθέω οὐ χρή νέμεσις γάρ
Ἀντιγόνη,ὦ τέκνον Αἰγέως προσπίτνομέν σοι,5,10263,10258,10263,ὦ τέκνον Αἰγέως προσπίτνομέν σύ
Θησεύς,τίνος ὦ παῖδες χρείας ἀνύσαι,5,10268,10263,10268,τίς ὦ παῖς χρεία ἀνύω
Ἀντιγόνη,τύμβον θέλομεν προσιδεῖν αὐταὶ πατρὸς ἡμετέρου,6,10274,10268,10274,τύμβος ἐθέλω προσεῖδον αὐτός πατήρ ἡμέτερος
Θησεύς,ἀλλ᾽ οὐ θεμιτόν,3,10277,10274,10277,ἀλλ ̓ οὐ θεμιτός
Ἀντιγόνη,πῶς εἶπας ἄναξ κοίραν᾽ Ἀθηνῶν,5,10282,10277,10282,πῶς εἶπον ἄναξ κοίραν ̓ Ἀθῆναι
Θησεύς,ὦ παῖδες ἀπεῖπεν ἐμοὶ κεῖνος μήτε πελάζειν ἐς τούσδε τόπους μήτ᾽ ἐπιφωνεῖν μηδένα θνητῶν θήκην ἱεράν ἣν κεῖνος ἔχει καὶ ταῦτά μ᾽ ἔφη πράσσοντα καλῶς χώραν ἕξειν αἰὲν ἄλυπον ταῦτ᾽ οὖν ἔκλυεν δαίμων ἡμῶν χὠ πάντ᾽ ἀΐων Διὸς Ὅρκος,39,10321,10282,10321,ὦ παῖς ἀπεῖπον ἐγώ ἐκεῖνος μήτε πελάζω εἰς ὅδε τόπος μήτ ̓ ἐπιφωνέω μηδείς θνητός θήκη ἱερά ὅς ἐκεῖνος ἔχω καί οὗτος μ ̓ φημί πράσσω καλός χώρα ἔχω ἀεί ἄλυπος ταῦτ ̓ οὖν κλύω δαίμων ἐγώ ὁ πάντ ̓ ἀίω Ζεύς ὅρκος
Ἀντιγόνη,ἀλλ᾽ εἰ τάδ᾽ ἔχει κατὰ νοῦν κείνῳ ταῦτ᾽ ἂν ἀπαρκοῖ Θήβας δ᾽ ἡμᾶς τὰς ὠγυγίους πέμψον ἐάν πως διακωλύσωμεν ἰόντα φόνον τοῖσιν ὁμαίμοις,23,10344,10321,10344,ἀλλ ̓ εἰ τάδ ̓ ἔχω κατά νόος ἐκεῖνος ταῦτ ̓ ἄν ἀπαρκέω Θῆβαι δ ̓ ἐγώ ὁ ̓ὠγύγιος πέμπω ἐάν πως διακωλύω εἰμί φόνος ὁ ὅμαιμος
Θησεύς,δράσω καὶ τάδε καὶ πάνθ᾽ ὁπόσ᾽ ἂν μέλλω πράσσειν πρόσφορά θ᾽ ὑμῖν καὶ τῷ κατὰ γῆς ὃς νέον ἔρρει πρὸς χάριν οὐ δεῖ μ᾽ ἀποκάμνειν,25,10369,10344,10369,δράω καί ὅδε καί πάνθ ̓ ὁπόσ ̓ ἄν μέλλω πράσσω πρόσφορά θ ̓ σύ καί ὁ κατά γῆ ὅς νέος ἔρρω πρός χάρις οὐ δεῖ μ ̓ ἀποκάμνω
Χορός,ἀλλ᾽ ἀποπαύετε μηδ᾽ ἐπὶ πλείω θρῆνον ἐγείρετε πάντως γὰρ ἔχει τάδε κῦρος,12,10381,10369,10381,ἀλλ ̓ ἀποπαύω μηδ ̓ ἐπί πλείων θρῆνος ἐγείρω πάντως γάρ ἔχω ὅδε κῦρος
